1 0.23562790691044588 0.1916319411509765 0.09715680113146812 0.05012845941492108
1 0.3668642713718265 0.19626666842280507 0.08784543364502548 0.06090231818121907
1 0.5756893046475096 0.29445257264215063 0.10387949980360815 0.13148755357072242
1 0.5261932986955813 0.34124970616521494 0.12118517447164337 0.15210006249917624
0 0.9805171843323965 0.41168630599976386 0.030551084112563843 0.1489556972400564
0 0.8804358919815272 0.2896146627374669 0.10857609016268768 0.13313187418757347
0 0.8313979074014253 0.5262828197994815 0.14157948770335976 0.1665171185055307
0 0.6971103075743758 0.240316271910802 0.11804199375348397 0.14892051542127546
0 0.07973645521324366 0.6850119740254177 0.1594729104264873 0.3293989480508353
0 0.16019156967462425 0.2653228112813602 0.12428290339440444 0.14746710957707682
0 0.27113361485416404 0.2664779825468343 0.12757152985783762 0.17564665665497756
0 0.4550172145830175 0.4884598969124497 0.1401442527304745 0.18836484496658024