0 0.02395676269095343 0.17928807954530476 0.04402272000318168 0.024201159090609537
1 0.2935789193586807 0.1918052650142384 0.08183180267345432 0.051418224025417694
1 0.4029811913589988 0.1960581627407622 0.07256589067472685 0.06062958279171564
1 0.5789448020369073 0.2819252991032003 0.08562951201463562 0.10928527110331832
1 0.5364396760423162 0.32101902678206595 0.09989200668363551 0.12671823295387147
0 0.95 0.3796875 0.096875 0.128125
0 0.8304073047024074 0.27772258887420503 0.09033519334818116 0.11092959172016936
0 0.7936447433959062 0.47469700040044654 0.11718859468490841 0.13639324188232518
0 0.677618112030544 0.23678216882654687 0.0967306440165446 0.1235386858759707
0 0.12372423675204154 0.6309381286518003 0.2365760360439071 0.32750125730360063
0 0.23263287603436206 0.2571342102257 0.10296246268299925 0.12208528003177213
0 0.32483855736790745 0.26030584902377 0.10636018268618094 0.1455773271096728
0 0.48084475139240634 0.44346104261037855 0.11740677068745349 0.15514324188232517