0 0.9640625 0.16328125 0.06875 0.0328125
1 0.6966243461240279 0.17451415710701332 0.07790810087368065 0.059594511967847284
1 0.5935357137152085 0.17847691812493008 0.06867857123840278 0.06562630642076392
1 0.42976546086541684 0.2620193827900691 0.0836502610179167 0.10501611474138901
1 0.46813828305375027 0.2986465606017357 0.09807643692972227 0.12096842306201391
0 0.07691452422003502 0.3491810759880555 0.10120143692972232 0.12104115824437507
0 0.19275577013597245 0.25502907285392346 0.08837412860909732 0.10668771751493064
0 0.23065907969086843 0.4394034196435415 0.11548214247680563 0.13074346656499997
0 0.33496080072118073 0.2188889382609025 0.09487870174736121 0.11777068787965286
0 0.87265625 0.596875 0.2515625 0.31875
0 0.7552739539315627 0.24271799002892297 0.0995662017473613 0.11787979065319458
0 0.6677375863403822 0.24319207513503419 0.104762848023889 0.13986389342673622
0 0.5231914185967017 0.41383449629718705 0.11275718597979179 0.147858231382639