0 0.022382982654364204 0.18892614461380575 0.04476596530872841 0.015897710772388506
1 0.2970097179742285 0.1881029462362532 0.08177725867281786 0.04578519867214013
1 0.407965399307774 0.18589503074160035 0.07561816534054522 0.05356133723582168
1 0.5844455359643652 0.2590820249860637 0.09193405601527208 0.11302724082661779
1 0.5441290712921838 0.299938829142594 0.10619655068427178 0.13029655405833437
0 0.9507148786203203 0.3358520406023535 0.07961586935072659 0.1285795179539809
0 0.8401233713001378 0.23962700127654624 0.09663973734881744 0.11461701190385672
0 0.804983660606321 0.4398178988172182 0.12351132001909022 0.1413340480082102
0 0.6842551793045922 0.207723537184508 0.10303518801718106 0.12715337334017515
0 0.12772336863463785 0.6383034550168519 0.2554467372692757 0.3358930899662962
0 0.23530860196531975 0.2540824702403583 0.10926700668363551 0.1256272347764936
0 0.32909496463241067 0.25041204869558126 0.11266472668681722 0.14908291549465283
0 0.48798706460854807 0.42525699171038056 0.1237294960216353 0.1600840480082102