1 0.10720715909390481 0.4368318586076481 0.10993983603812651 0.12250223477649361
0 0.8690015957806544 0.2042980344540335 0.061619338473758486 0.03941702400410509
0 0.9641332690780187 0.48262250147293795 0.05415348620028233 0.14873748184962743
0 0.9397311071447401 0.26950487793637107 0.08833757142762977 0.13799996974937895
0 0.7909896440763711 0.24302925722847454 0.09872960064862309 0.10681360226293624
0 0.6804497901813371 0.39990649200496825 0.11322847727182861 0.13189541549465283
0 0.6885504366900449 0.24909342574818955 0.0971398271096728 0.10524201190385671
0 0.5102345219173926 0.261067226683266 0.10487050649282174 0.10059996369925477
0 0.257604399758414 0.2789415696746242 0.09700345941492108 0.09742951190385671
0 0.5161106006519184 0.37195927488786784 0.10056483603812652 0.12244769262201594
0 0.5574957110430694 0.596695654474559 0.11490007142762995 0.1381545058537325
0 0.6205354533324317 0.6549166997522946 0.1337591655834313 0.14451359016268786
0 0.41442972930701405 0.7373575367917246 0.12669095941492117 0.09760222872636941
0 0.055923122973052755 0.7378903645595765 0.11184624594610551 0.14909200585373233
0 0.17202581534514053 0.6169051779876847 0.08957278896022584 0.11925906010845858
0 0.13207692532925447 0.6679136869646751 0.1116932508107789 0.1334488251355733
0 0.05473276988879765 0.3551142259958949 0.10662392126547413 0.11154655405833439
0 0.29387136201600417 0.43887056069763375 0.12254893019392785 0.12882495764913066