1 0.9081112792540281 0.41039804352921977 0.10105596656499997 0.11307269262201594
0 0.18174488174322936 0.2216290394240032 0.05864895459715278 0.03627384328594587
0 0.0691955560395143 0.4887261567140541 0.11104921561506956 0.1396897347764936
0 0.10747288677722247 0.28691367183936467 0.09516964247680564 0.1286613311856975
0 0.2568000863403822 0.25713474736772135 0.09131729065319458 0.09739315046753827
0 0.36719533852458364 0.4010433077707676 0.10436280452090294 0.12090337334017516
0 0.3536750863403822 0.25657114510478507 0.08979115824437507 0.09894656010845856
0 0.5225705567051044 0.2618393863241863 0.09589568787965277 0.09273292154477701
0 0.760960909478646 0.26514060656454463 0.08804682028847247 0.09112496974937905
0 0.5210827515186114 0.36576836222188536 0.09168096656500016 0.11301815046753827
0 0.49014579530593794 0.5808211904807166 0.10454464247680555 0.12871587334017515
0 0.4320982123840283 0.638197874125742 0.12344011284152785 0.13507495764913066
0 0.6309552461033686 0.7222087388817102 0.11831620174736131 0.11629768657189174
0 0.95703125 0.69765625 0.0828125 0.1484375
0 0.8543173980794798 0.5833906368151657 0.08070709897381931 0.1113920179539809
0 0.8944709258148965 0.6300383778381752 0.10287303970326392 0.12401928298109546
0 0.953125 0.33046875 0.090625 0.1046875
0 0.733293117209931 0.419228663746137 0.11366506933854179 0.11783291549465283