1 0.04105554539304271 0.43963467174116877 0.07360222668681725 0.14885565651766247
0 0.8456504966979532 0.22556450127654623 0.11973179201145392 0.08506586729005097
0 0.7124578307208612 0.39510081733693314 0.14093517735518085 0.161746541958086
0 0.7176073126989075 0.23334116072107491 0.1165704293443632 0.08192268657189175
0 0.5013556040340439 0.24788142545360198 0.12589088534372675 0.07728972872636941
0 0.18751128003658923 0.2684585876286051 0.11489884134309047 0.07253859621281204
0 0.5088964787157705 0.3587825640172834 0.1236385893539083 0.1522715480082102
0 0.567619687420405 0.638147356269957 0.14104426535645337 0.171121541958086
0 0.6471895560948138 0.6947195431364364 0.1627010893539083 0.15249880698520055
0 0.0928651354232686 0.6620045754301608 0.10952154535327181 0.1475022347764936
0 0.06702988876508638 0.7246591115345143 0.1003465400222717 0.16463519262201592
0 0.23797599872690633 0.442395536497137 0.15027381468808992 0.15867608411256368