1 0.933418444147917 0.30657720222552004 0.11384690729444458 0.1275820989738195
0 0.06203767268076432 0.5160237370822222 0.10363675911805567 0.15857752583555573
0 0.06425021684934054 0.30882883292190966 0.10737870174736122 0.11806162860909727
0 0.21955465947864608 0.264567073803854 0.09985583605604172 0.06322865824437507
0 0.35427711122600725 0.37711901234909695 0.11878898043270851 0.1386287017473613
0 0.3232063363403822 0.2512111289903469 0.09669446846486114 0.061593423062013916
0 0.503275042837396 0.22982317220899265 0.1028353656913195 0.05705139342673622
0 0.7597425951740974 0.19962195345979103 0.09495013050895836 0.053744555470833434
0 0.5146684441479169 0.31632371666190934 0.10607077488562507 0.1289627610179167
0 0.5092042666205907 0.5517345398001732 0.1189708183886113 0.1464412017473613
0 0.45533569063253526 0.621775589287083 0.13786628875333343 0.15312761284152784
0 0.6779568794621186 0.6822545751350342 0.13434124525034719 0.13586737765916687
0 0.9859375 0.6078125 0.025 0.159375
0 0.8980297240675352 0.4989108258006243 0.09346167211208325 0.12398432028847228
0 0.94296875 0.54375 0.1109375 0.140625
0 0.9524210576550349 0.21624248974458254 0.07296733415618065 0.11569904160312508
0 0.7474452297671184 0.34295437937159656 0.12805487765916687 0.1341594072944446