1 0.09493704460235894 0.3878980838718402 0.14369983887551346 0.16261171561506957
0 0.8737296343358022 0.3658625896683326 0.14879651583511766 0.17678331838861122
0 0.8879559557268454 0.20995742857416594 0.12301160266556721 0.041899172112083424
0 0.6473764198334682 0.21712053761597166 0.13381271034569905 0.03746624525034736
0 0.3022003121533362 0.22984527526687476 0.12117631802583091 0.03248780452090285
0 0.6503315867639424 0.31868303761597166 0.13276233887551356 0.16235714247680563
0 0.7038874619285446 0.6278028112673258 0.14906930047485362 0.1861583183886113
0 0.7915980620868291 0.6867400937523952 0.17444973370266403 0.14615156743868063
0 0.05753295064577354 0.7413510454028472 0.06830738229073818 0.09371493882958326
0 0.18035903371529924 0.6368609543128123 0.11704641066226813 0.15886846656499998
0 0.12673158003351787 0.7014332537997221 0.14553512351524955 0.17202308320625015
0 0.05131141356526199 0.28571864124253465 0.08952916442319181 0.12543771751493066
0 0.3493661318285198 0.3999571003049997 0.16111465940862696 0.1708242591180557