1 0.8724736489476349 0.4081633778381752 0.09598643019392768 0.128670421544777
1 0.5639520369349262 0.4505791785768599 0.18641260714144484 0.2073135720123153
1 0.5542299837679456 0.2467501966290367 0.06046594155801373 0.06284543364502548
1 0.7322458896121442 0.25196389569396027 0.06825116801906325 0.06132838544042354
1 0.3928873348236058 0.31565070843469745 0.08140573295387146 0.09890110831306051
1 0.6632816554404568 0.30939057631392364 0.09889324188232518 0.11618860226293633
1 0.944395287745705 0.31556681167959244 0.09908415665497756 0.12712610226293625
1 0.9305729265470705 0.7046702182954507 0.10377165665497756 0.12715337334017515
0 0.7333372366106147 0.5027133294371816 0.14074555113509035 0.1867374515990063
0 0.49530895130054153 0.2658410850945223 0.08299550649282175 0.10047269867214012
0 0.34010720820040036 0.3409552354638647 0.10051028896022585 0.11932269262201593
0 0.12945608035937894 0.32577618393961305 0.17369441882984216 0.1947408491396784
0 0.2762320742735943 0.5991131691088902 0.18701262499835236 0.24168857201231528