1 0.8228637656162899 0.36238779040596186 0.08977154800821019 0.12239315046753826
1 0.5389109464326449 0.42575644057891243 0.17456470452587247 0.1947590298578376
1 0.5118586088040399 0.24154506704234557 0.05813975292686635 0.056586343285945875
1 0.6767614461380573 0.2304297841594459 0.06438066256778648 0.05506020472226432
1 0.3684671571068376 0.3150330848981306 0.07709883118569741 0.0926329275949013
1 0.6186126028521114 0.28857862744539176 0.0912613251355733 0.10990224082661779
1 0.8898290726996863 0.2659077001450781 0.10847609621281222 0.11468973477649361
1 0.9103672690341353 0.6298383899384236 0.10692268657189175 0.1162431444174139
0 0.7019876633533535 0.4599627480550924 0.13226812021691714 0.17576359016268786
0 0.4594012293155446 0.26138084407151274 0.07865224082661779 0.0910795179539809
0 0.3206472806434045 0.34343534085005895 0.09440450585373253 0.11304542154477701
0 0.12533023546386465 0.3453528857350111 0.16355448165323566 0.18219539734428025
0 0.28720702498606376 0.5858091932111911 0.17474651170746497 0.2260090298578376