1 0.9066302324388026 0.34807244545667615 0.10552381303532492 0.1449681493475447
1 0.5632569614597596 0.413612892743451 0.20758628278470379 0.2320874360279987
1 0.3593557775201465 0.2760748880489977 0.09123405405833437 0.10574201734563582
1 0.663343840751863 0.26554865742358674 0.10994769262201594 0.09971019334818117
1 0.9587199732654204 0.2580474294636758 0.06306360226293642 0.09760225334181775
1 0.9679934166730032 0.6784962894652666 0.05394313231716552 0.1412431653405452
0 0.7583012958669109 0.4619793094366316 0.15590560811666876 0.21117495202099903
0 0.4720512202403583 0.24379019406426977 0.09088862041330899 0.04636701734563582
0 0.3021563558771736 0.304317519374589 0.11171018052176755 0.13410337468172653
0 0.0829301537871879 0.31894145134468127 0.1658603075743758 0.18163290268936255
0 0.25592520872928504 0.5959868513685438 0.20781354176169425 0.2711499360279987