1 0.11657316605663377 0.41523744196505075 0.05545111600890866 0.06657957386326192
1 0.18690439473263334 0.48277376948176054 0.052289753341817756 0.06340002678536116
0 0.15063853604390706 0.32087378733866806 0.07265679734245412 0.06844208279171564
0 0.07074195070813447 0.3042959878251354 0.05383407200827235 0.06186480032431163
0 0.216780609365044 0.22985727516380342 0.05067270934118149 0.05868525324641087
0 0.16349197736313498 0.216722075488115 0.05383407200827235 0.06186480032431154
0 0.3002010893539081 0.14635325406048505 0.044204533338636054 0.039826159090609534
1 0.18138745468649908 0.1429572930207109 0.050581802673454225 0.05087275324641087
1 0.35890392735518084 0.15470549634984732 0.04585794000636341 0.04766593262955987
1 0.4143090426877718 0.14826853571711024 0.04718408267027243 0.027380706168510204
0 0.34450616736949835 0.2604469817393507 0.05383407200827239 0.06186480032431154
0 0.46609026603277126 0.23331964570122424 0.05701361600890884 0.0666068474022122
0 0.5098760813574079 0.1684798498411395 0.053761346674090583 0.05561480032431154
0 0.5794806040340439 0.24071731412732458 0.06333634134309048 0.07296594155801354
0 0.7740118540340439 0.23732175852800724 0.05069089067472685 0.06024775324641087
0 0.7867385733609078 0.18943368344692932 0.04752952800763595 0.0570682061685102
0 0.6368840240292715 0.204551943186162 0.06166475334181776 0.06356366801906325
0 0.6701965107017711 0.24694794886820484 0.0538704346753633 0.06498980032431154
0 0.7438430960375437 0.2636348425375388 0.06019316000954493 0.07134889448011297
0 0.9323879753739526 0.2830046310940229 0.05385225334181811 0.06342730032431154
0 0.8425078627068618 0.28144785958366747 0.06497156667727211 0.07924321509696401
0 0.889954480028635 0.19544612987620688 0.04907384667409076 0.05553297970746054
0 0.9664726213796797 0.32460575000659053 0.06179202267663584 0.07450116801906326
0 0.9828125 0.36484375 0.03125 0.0796875
0 0.4898283053787251 0.3258929293864442 0.07432838534372692 0.07784435633066593
0 0.5825788793761799 0.3055201538188991 0.06488066000954511 0.07143071509696401
0 0.677464665380316 0.3343388547124035 0.07438292934436319 0.08253185633066593
0 0.6128123667249973 0.4190780933483177 0.06807838534372675 0.07773526217486477
0 0.8205430507240429 0.4084194626679226 0.07598179201145427 0.0856841298696164
0 0.6359958753978152 0.4639951270335378 0.07908861067790873 0.08417617694751697
0 0.06087824407222394 0.531076676136738 0.0963670173456358 0.0922886858759707
0 0.98125 0.43984375 0.034375 0.0796875
0 0.958561218730088 0.45055064124029265 0.07754429201145392 0.0857114034085665
0 0.8734071580999047 0.7208415961909868 0.08710110534690826 0.10150004464226861
0 0.8091804787555414 0.6406961745184756 0.08390338001272682 0.09519549756436803
0 0.7206366941040406 0.7539831530081201 0.09173406134627218 0.09689436525911965
0 0.5969804707590413 0.6701866258157219 0.06022952267663584 0.07447389448011296
0 0.5203099774426768 0.7965503027632389 0.09949201734563573 0.09234323295387128
0 0.2873702081078587 0.7896765600668395 0.08675566000954502 0.0718125446422686
0 0.494889617401315 0.49224463230854354 0.07271134134309029 0.07312958279171564
0 0.3682992980585428 0.424908902194046 0.06646134134309048 0.0730204886359143
0 0.3320441720639516 0.46539358035937894 0.07752611067790856 0.08414890340856669
0 0.49499925274504186 0.5688207690780188 0.06179202267663584 0.07450116801906326
0 0.5318270907463145 0.5775548409126857 0.06816929201145391 0.0855477621748646
0 0.41297764075426874 0.6382350166423867 0.08699201734563573 0.0921250446422686