0 0.0171875 0.3224562553310001 0.034375 0.05196248933799978
1 0.88671875 0.6451508432129601 0.0515625 0.06309998400699968
1 0.8125 0.7124207065563687 0.0484375 0.061501121339908774
0 0.85546875 0.549420719883869 0.06875 0.06329997867599957
0 0.9375 0.5344036998727331 0.05 0.058394302673454135
0 0.90078125 0.24576846121105106 0.046875 0.04585794000636332
0 0.90703125 0.2753832358768693 0.040625 0.048910214672181596
0 0.79453125 0.45872354189214126 0.046875 0.056795440006363405
0 0.846875 0.4463957172183689 0.05 0.058394302673454315
0 0.68046875 0.32333202924095883 0.040625 0.0442227146721816
0 0.71328125 0.36513772123650445 0.0421875 0.05049089600572696
1 0.83359375 0.3676440085535052 0.046875 0.055232940006363404
1 0.72578125 0.3337422705681409 0.040625 0.048910214672181596
1 0.65546875 0.3759666805776859 0.04375 0.0505090773392725
1 0.6 0.3578621179185492 0.0453125 0.04896475867281787
1 0.53828125 0.3312365305935943 0.040625 0.0582852146721816
0 0.6640625 0.485241683243186 0.05 0.058394302673454135
0 0.54375 0.45617289592618526 0.053125 0.06311816534054522
0 0.50390625 0.3863240199315941 0.0484375 0.05681362133990877
0 0.56640625 0.29575301658977626 0.04375 0.0505090773392725
0 0.65078125 0.23539622457832224 0.0359375 0.03948067067154524
0 0.6015625 0.21409393658500378 0.0390625 0.044204533338636054
0 0.5734375 0.18238995058882174 0.0359375 0.042605670671545234
0 0.51796875 0.15881663792968506 0.0359375 0.028543170671545236
0 0.46328125 0.16726548460377563 0.0375 0.03949885200509069
1 0.44609375 0.2119967292727755 0.0375 0.04262385200509069
0 0.45859375 0.30091377860441193 0.0421875 0.04892839600572696
0 0.40703125 0.20620126261141164 0.0390625 0.044204533338636144
0 0.42265625 0.1630506992759572 0.0375 0.02699885200509069
0 0.34296875 0.1717904472867749 0.0328125 0.036319308004454334
0 0.2953125 0.18015747795991094 0.0328125 0.02850680800445433
0 0.31015625 0.24326600529122921 0.040625 0.0426602146721816
0 0.4296875 0.4614063832750027 0.0578125 0.06942270934118148
0 0.2359375 0.4519421186346378 0.046875 0.05835794000636341
0 0.225 0.40206938796945596 0.04375 0.056759077339272504
0 0.30234375 0.33788816195895643 0.04375 0.05363407733927241
0 0.37421875 0.423770570615866 0.0578125 0.06004770934118149
0 0.340625 0.46400521928709304 0.05 0.06151930267345414
0 0.26484375 0.4797307639640471 0.0546875 0.06782384667409058
0 0.07578125 0.49521195532304585 0.05 0.059956802673454136
0 0.1671875 0.49414834731063734 0.0609375 0.07570907200827222
0 0.1234375 0.40559492464990987 0.0453125 0.05833975867281786
1 0.1015625 0.2785057133195461 0.0390625 0.04889203333863605
1 0.05859375 0.25244319999204584 0.0359375 0.04573067067154524
0 0.24921875 0.21038132729950157 0.0375 0.04418635200509069
0 0.20234375 0.1765517673058649 0.0390625 0.03326703333863614
0 0.1109375 0.19949037531827343 0.0390625 0.045767033338636146
0 0.13203125 0.3000261773154099 0.040625 0.047347714672181594
0 0.0640625 0.1859733153246368 0.0328125 0.03788180800445433
0 0.025 0.1989278486632729 0.0390625 0.04264203333863614
0 0.01484375 0.2107647773313183 0.0296875 0.044095445337363426
0 0.03984375 0.5346926259945912 0.0578125 0.0709852093411815
0 0.01796875 0.5732284146642274 0.03125 0.07380112667090906
0 0.5171875 0.5478882285964577 0.0703125 0.07269316000954511
0 0.42421875 0.5255325179424117 0.059375 0.06787839067472685
0 0.328125 0.5524319199554566 0.0703125 0.07738066000954494
0 0.3890625 0.6384415979471842 0.0640625 0.0741829346753633
0 0.18203125 0.6228818746419557 0.071875 0.08208634134309048
0 0.3640625 0.6832637492839113 0.075 0.08056020401018138
0 0.93828125 0.7633008592059604 0.0921875 0.08701019867918128
0 0.0203125 0.6497636426639092 0.03125 0.07380112667090888
0 0.04296875 0.6627812633275003 0.0734375 0.08210452267663584
0 0.18359375 0.8322386933084103 0.078125 0.046221566677272105
0 0.5046875 0.7144399292648214 0.06875 0.06798747867599957
0 0.63359375 0.6504399692473222 0.0609375 0.0694590720082724
0 0.66796875 0.6898837299093223 0.0734375 0.08054202267663584
0 0.50078125 0.791047882598685 0.0578125 0.0709852093411815
0 0.4640625 0.7977251439370029 0.0640625 0.0819954346753633