1 0.8625947380649063 0.4930845361142614 0.05701361600890849 0.0666068474022122
1 0.7899663074076784 0.5613339297835955 0.05545111600890849 0.06657957386326192
0 0.9824885200509067 0.39207323538291283 0.030487478675999567 0.06926819724005648
0 0.8262839733847704 0.39325213148787885 0.07579997867599957 0.0700591298696164
0 0.9096777287157704 0.377523765821722 0.055396572008272214 0.06189207386326192
0 0.7580237747055891 0.2998918693130142 0.05069089067472685 0.06024775324641087
0 0.8133379833704527 0.2875788299457513 0.055396572008272214 0.06189207386326192
0 0.6346397240213172 0.16807703327488768 0.04414998933799978 0.035138659090609536
0 0.6717675540260897 0.2038742114402207 0.04593066534054522 0.05391593262955983
1 0.7936516446928625 0.2067827974783472 0.05067270934118149 0.05868525324641087
1 0.6815692680219536 0.1735827394433979 0.044331802673454136 0.050763659090609536
1 0.6102033453612259 0.21607815665168223 0.04749316534054522 0.053943206168510206
1 0.5521908506922261 0.19788153571051967 0.049055665340545215 0.053970479707460536
1 0.4887186966899989 0.1803707073830309 0.0442590773392725 0.04451365909060954
0 0.625574901376498 0.32882361850223535 0.055396572008272395 0.06189207386326192
0 0.5010379780394528 0.2993116221556833 0.05859429734245403 0.06819662094116259
0 0.45646072736313503 0.22745421306507377 0.05381589067472685 0.06030230032431154
0 0.38316013470717997 0.3050649699649326 0.06333634134309048 0.07296594155801354
0 0.18232434070654363 0.296872820209814 0.0522715720082723 0.06183752678536116
0 0.16845219736631667 0.24585974512873604 0.0475658906747269 0.060193206168510205
0 0.2451141473583625 0.1886160353067779 0.04729317067154524 0.036755706168510205
0 0.32333969203531654 0.2657473254848197 0.06324543467536321 0.06515344155801354
0 0.2910271787078163 0.30814333116686254 0.05545111600890866 0.06657957386326192
0 0.21389251404358892 0.3247620409888207 0.06019316000954502 0.07134889448011297
0 0.025865802713225132 0.3433505795453048 0.044495434675363245 0.06482615909060954
0 0.11175784937936153 0.34094437418757345 0.06498974801081765 0.08080571509696392
0 0.06227492270049845 0.25025514448011293 0.05070907200827235 0.06181025324641087
0 0.009923176718633974 0.3829079573863262 0.01181020401018135 0.07519091477265238
0 0.4763657893857248 0.3941741087630027 0.07432838534372692 0.07784435633066603
0 0.38080784138286133 0.37141667288703195 0.06489884134309047 0.07299321509696402
0 0.28271578672022485 0.3993859399331605 0.07438292934436319 0.08253185633066602
0 0.349349850731997 0.48725017856907477 0.06809656667727229 0.07929776217486459
0 0.1351691720639516 0.47335745373287824 0.07912497334499946 0.08730117694751698
0 0.3264759720719058 0.5352785754848197 0.08066929201145401 0.08576595048646744
0 0.9210168600811326 0.6136112702859489 0.09949201734563573 0.09234323295387128
0 0.020053249403224057 0.515089211850553 0.029124973344999465 0.08642842370110611
0 0.08344577677431322 0.7942642431001412 0.08868178668045393 0.10308981818121907
0 0.14734409742995008 0.7141460949665802 0.08548406134627214 0.09678527110331832
0 0.23925997211167668 0.8266654602257001 0.09164315467854492 0.08908186525911965
0 0.36720261143376814 0.7461030271891029 0.06024770401018138 0.07603639448011279
0 0.44414746678067657 0.8474257938281944 0.0971840826702726 0.02825345941492117
0 0.47288789540895104 0.5651724013766766 0.07583634134309047 0.0731841298696164
0 0.6017754167329515 0.4986861051095547 0.06804202267663584 0.07461026217486477
0 0.6397390407383604 0.5391844200443628 0.07908861067790873 0.08417617694751697
0 0.47303389341976876 0.6448462646072013 0.06179202267663584 0.07450116801906326
0 0.434843550087496 0.651990562902918 0.071330654678545 0.08872730925276535
0 0.557473075429632 0.7189616489410445 0.08857269867918127 0.09371481818121907