0 0.71484375 0.31429442296510474 0.0390625 0.04622168977951393
0 0.090625 0.3083593202884723 0.0390625 0.04153418977951393
0 0.059375 0.34825696846486115 0.0390625 0.04778418977951393
1 0.046875 0.3182785277354167 0.0375 0.04618532218833336
1 0.1140625 0.35968608415618064 0.040625 0.04782055737069442
1 0.16640625 0.34371689846072934 0.0421875 0.04629442496187508
1 0.2234375 0.31926306553881967 0.0375 0.05399782218833336
0 0.10625 0.46028549620027787 0.046875 0.055778527735416715
0 0.21640625 0.4339431613785072 0.05 0.06053876291777769
0 0.2546875 0.3692091673624308 0.0453125 0.05417966014423623
0 0.196875 0.28426981648875016 0.040625 0.04782055737069442
0 0.1171875 0.22694631933854179 0.034375 0.038300087005972296
0 0.16328125 0.20770666327836818 0.0359375 0.04146145459715278
0 0.190625 0.17943684612402794 0.0328125 0.04138871941479172
0 0.24140625 0.15874379283739604 0.03125 0.022602351823611144
0 0.29296875 0.1677564233463544 0.0359375 0.03364895459715282
1 0.30859375 0.20796384925815997 0.034375 0.0398625870059723
0 0.2984375 0.29053995991548637 0.040625 0.04625805737069451
0 0.346875 0.20260485524208366 0.0359375 0.04146145459715278
0 0.33046875 0.1639417455346878 0.0328125 0.02107621941479172
0 0.40546875 0.1734998899113545 0.03125 0.031977351823611146
0 0.45078125 0.18080455005559065 0.03125 0.027289851823611145
0 0.4359375 0.23749030793937537 0.0390625 0.03997168977951393
0 0.32421875 0.4403587751699655 0.053125 0.06529899810013902
0 0.50546875 0.4336399157469101 0.04375 0.055705792553055744
0 0.515625 0.3877825550895838 0.040625 0.05407055737069442
0 0.44375 0.3267346458952781 0.040625 0.050945557370694505
0 0.3765625 0.40563958947451423 0.0546875 0.0575228656913195
0 0.40859375 0.4454476250937156 0.046875 0.05890352773541672
0 0.478125 0.45878473290125044 0.0515625 0.06370013050895836
0 0.6546875 0.47695677070465337 0.046875 0.055778527735416715
0 0.5703125 0.4749929207809032 0.05625 0.07162173328249999
0 0.6109375 0.3915634781515977 0.0421875 0.05566942496187508
1 0.63046875 0.2724868230413547 0.0359375 0.04614895459715278
1 0.671875 0.24923181420763943 0.0328125 0.04295121941479163
0 0.4921875 0.20754954122187544 0.0359375 0.04146145459715278
0 0.53515625 0.17886214997934072 0.0359375 0.027398954597152782
0 0.621875 0.19963055128986165 0.0375 0.043060322188333354
0 0.603125 0.293725390195695 0.0375 0.044622822188333355
0 0.66640625 0.1881670276385075 0.03125 0.031977351823611146
0 0.7015625 0.19992279844007005 0.0359375 0.04146145459715278
0 0.7171875 0.2096614743518756 0.034375 0.03986258700597221
0 0.74765625 0.22599564237989647 0.0359375 0.03989895459715278
0 0.93515625 0.1928597533215633 0.03125 0.008539851823611144
0 0.86875 0.20303288069638964 0.0359375 0.03833645459715278
0 0.8375 0.2218367788727785 0.034375 0.0320500870059723
1 0.75625 0.2605706641313895 0.0328125 0.03513871941479163
1 0.8984375 0.2224738649288202 0.03125 0.03353985182361115
0 0.9703125 0.2093030241231258 0.040625 0.036883057370694416
0 0.93515625 0.2928597533215633 0.0375 0.043060322188333354
0 0.87421875 0.2883164172655216 0.0375 0.044622822188333355
0 0.803125 0.34916169186680623 0.0421875 0.05098192496187508
0 0.9109375 0.34307730565826466 0.0390625 0.04622168977951393
0 0.99375 0.3106297879908341 0.009375 0.05021820554708327
0 0.978125 0.39385986207902857 0.03125 0.03666485182361114
0 0.9359375 0.43506543711715356 0.046875 0.05109102773541672
0 0.903125 0.39758296770236184 0.040625 0.04782055737069442
0 0.85234375 0.4167135209889937 0.0515625 0.054325130508958354
0 0.98671875 0.4401536338305217 0.0234375 0.056795513867708355
0 0.97734375 0.5422791782834383 0.040625 0.06344555737069442
0 0.9578125 0.5738558333936814 0.0578125 0.06697060087368065
0 0.74765625 0.49943314237989644 0.0546875 0.0575228656913195
0 0.6875 0.512876740119445 0.053125 0.06686149810013901
0 0.72109375 0.549596143329827 0.0546875 0.0700228656913195
0 0.24296875 0.5204989104285765 0.0640625 0.06867857123840296
0 0.3296875 0.4998610617390975 0.0546875 0.0637728656913195
0 0.41953125 0.5253896982319795 0.065625 0.07183993882958326
0 0.36171875 0.606856597358299 0.0578125 0.07009560087368065
0 0.94375 0.4860285250730564 0.046875 0.055778527735416715
0 0.5546875 0.5949417448690977 0.0671875 0.07656380642076392
0 0.3859375 0.6488265450215975 0.0703125 0.07507404160312507
0 0.725 0.6199995623077783 0.0625 0.06864220364722229
0 0.68515625 0.6315721887326742 0.06875 0.07660017401194459
0 0.95546875 0.8589575320069105 0.065625 0.05308993882958326
0 0.61796875 0.8534458823119102 0.0734375 0.026709276785486225
0 0.55390625 0.8121110610735073 0.0734375 0.08764677678548623
0 0.3578125 0.8286406783803475 0.0515625 0.04338763050895835
0 0.253125 0.6754227997712502 0.065625 0.06402743882958344
0 0.13359375 0.6140469290459376 0.0578125 0.06540810087368065
0 0.10234375 0.6508195772223265 0.06875 0.07347517401194459
0 0.25703125 0.7473887187492017 0.053125 0.06686149810013901
0 0.29296875 0.7544751733463544 0.0609375 0.07798083605604163
0 0.184375 0.8058538757593057 0.075 0.0689331443766669