0 0.7655925516711113 0.20442700487177384 0.03372168977951393 0.03925339754067201
1 0.10825870924989626 0.5232153070833965 0.04335126291777782 0.05024543969514959
1 0.17263098698531296 0.570458466626121 0.04175239532659729 0.048673849336070066
0 0.014507402829132326 0.455491475897699 0.009012630508958374 0.05160795179539797
0 0.12442726348645872 0.44597609621281203 0.05745013050895835 0.05188975292686635
0 0.059438043121736485 0.43934884631100796 0.041679660144236144 0.04554884933607006
0 0.0611414410137849 0.2104835029268662 0.036773954597152804 0.03614657825883123
0 0.0593068372903127 0.2323448673882468 0.03368532218833335 0.03769089754067192
0 0.16559581772302115 0.36888233108750157 0.03855466014423614 0.045530668617910844
0 0.1209372811538892 0.3631545058537325 0.041679660144236144 0.04554884933607006
0 0.24259211597565997 0.25372093940056206 0.03361258700597229 0.034565897540672005
0 0.21842857057281276 0.2895129936552882 0.033758057370694414 0.04081589754067192
1 0.1257507613022572 0.30147211729005097 0.03851829255305561 0.04396816861791084
1 0.20774499050069467 0.2667976563212707 0.03372168977951393 0.03925339754067192
1 0.2662121071419447 0.2952589996072166 0.035320557370694415 0.04082498789975162
1 0.3087626298433683 0.277540234481906 0.03684668977951393 0.03927157825883114
1 0.35500119699770855 0.25046919525429456 0.033867160144236144 0.04550339754067201
0 0.26821232465687533 0.3811964996072166 0.041679660144236144 0.04554884933607006
0 0.35885485524208366 0.34891578561337416 0.044913762917777864 0.050254530054229286
0 0.386415504368403 0.2912714572563471 0.04011716014423623 0.04553975897699045
0 0.32783863174322936 0.22453340914994105 0.035320557370694505 0.04082498789975162
0 0.2573436405769446 0.18272263817089807 0.028852351823611143 0.03141362646343313
0 0.2945708836430904 0.1712220567888089 0.03005117591180557 0.015797716822512697
1 0.41700892809600704 0.1625606499765589 0.02834320554708327 0.009538626463433087
0 0.41368521276527803 0.22112712889932 0.035247822188333444 0.03769998789975162
0 0.5256935970739585 0.16709867993259234 0.03346711664125017 0.028315897540672007
0 0.4493707524685419 0.344755526439992 0.04811149810013902 0.05339771077238851
0 0.6011871723964239 0.32298558645025477 0.03699216014423605 0.045521578258831144
0 0.60418423261691 0.2839458123479538 0.035429660144236055 0.04551248789975162
0 0.5398483224726738 0.23826515280522925 0.03535692496187508 0.04238748789975162
0 0.49077634925815994 0.31140721613514166 0.046403527735416714 0.04713862041330889
0 0.5211548334905907 0.34126743295765444 0.04331489532659738 0.048682939695149675
0 0.5814201862641323 0.3463049117822197 0.046548998100139016 0.0533886204133089
0 0.7298213186729516 0.34560599589478336 0.041716027735416716 0.047111349336070064
0 0.6596724728332642 0.35222817973620063 0.049819468464861315 0.05965680113146821
0 0.685306946047778 0.2789497610200939 0.03699216014423605 0.04552157825883123
1 0.6915186188254515 0.1766560079950318 0.03212282218833344 0.03768180718159235
1 0.7231134577312849 0.15809236035616397 0.02874324905006951 0.02672612646343313
0 0.6700982137152085 0.19605999296791715 0.03368532218833344 0.037690897540671967
1 0.7948975387533335 0.1546042668738264 0.028779616641250172 0.02828862646343313
0 0.9474958618915974 0.16642807688408912 0.03364895459715278 0.03612839754067201
0 0.8959879132783681 0.16847184503446172 0.03208645459715278 0.0361193071815924
0 0.8426460141520489 0.22596618246667513 0.03691942496187508 0.04239657825883114
0 0.9321260882402432 0.21086387811375312 0.03368532218833344 0.03769089754067201
0 0.9869051604285766 0.24867749550199997 0.011592116641249817 0.028188632513557365
0 0.9627779826169099 0.286032049756726 0.04160692496187508 0.04242384933607006
0 0.93087336597566 0.2577252425751337 0.035320557370694415 0.04082498789975162
0 0.8899580784565974 0.2785780980595238 0.04480466014423641 0.04556703005422928
0 0.99375 0.3734375 0.009375 0.053125
0 0.98203125 0.40078125 0.0328125 0.0578125
0 0.8105628256068058 0.3577928993873837 0.04800239532659738 0.048710210772388504
0 0.7617259353142017 0.37391280307637575 0.04818423328249999 0.056522710772388504
0 0.7936305519554517 0.4022196102579681 0.04822060087368065 0.058085210772388506
0 0.38939764684520867 0.41939645725634705 0.05603310087368056 0.05813066256778665
0 0.4598913315907295 0.3940288185944697 0.04967399810013902 0.05340680113146821
0 0.5375805737069448 0.40932254136891083 0.0561058360560418 0.06125566256778665
0 0.4970477991056601 0.48017085167376106 0.05294446846486114 0.059674981849627426
0 0.9738979737831948 0.32749738709074355 0.041716027735416716 0.047111349336070064
0 0.6581301162600004 0.45376795383850155 0.05930357123840295 0.06439884328594588
0 0.5205041361116324 0.5146776618804155 0.06086607123840295 0.0644079336450254
0 0.0792634999030908 0.6199084999018041 0.07500130642076394 0.06761474687674215
0 0.996875 0.7875 0.003125 0.078125
0 0.8028068366247225 0.4608588120533662 0.05606946846486131 0.05969316256778647
0 0.7703034611497573 0.4739491645126942 0.05933993882958326 0.06596134328594587
0 0.99296875 0.659375 0.0109375 0.084375
0 0.8541388261754868 0.7533053872871353 0.07700021751493083 0.08637383723582168
0 0.7355693577106257 0.693248610356164 0.0674070119678472 0.07694429508134384
0 0.6764658082237158 0.6374435170702182 0.06417290919430556 0.0722386143631848
0 0.6216529812857298 0.732424218963812 0.07045927678548622 0.07383747579950324
0 0.5157107993900005 0.6779089149054777 0.04662173328249999 0.056513620413308985
0 0.47067301595500066 0.7901316589535494 0.07681837955902786 0.07856133723582168
0 0.28755204464034795 0.8093760417616942 0.06729790919430556 0.0722567950813442
0 0.41352809070878516 0.549987927103922 0.0575228656913195 0.055014752926866174
0 0.30709559954250043 0.5079680778660478 0.051309233282500075 0.056540891490547904
0 0.28287750275288237 0.5414163821207738 0.06082970364722229 0.0628454336450254
0 0.42270437537805605 0.6086271288993201 0.04818423328249999 0.056522710772388504
0 0.45246461056041715 0.6119248457218328 0.05308993882958326 0.06592498184962743
0 0.36634657902527834 0.6707907856133742 0.06726154160312507 0.07069429508134384