0 0.9768864799490933 0.34644854104095624 0.03499316534054522 0.05412521034569897
1 0.08347918857418607 0.6785903497625732 0.056995434675363235 0.06569920783841639
1 0.15454511923141379 0.7460302508579298 0.05387043467536321 0.06560827962517113
0 0.11740984058723095 0.5815418535234969 0.07421929734245411 0.0693243130112661
0 0.037131994589458095 0.5674770050145649 0.0538158906747269 0.06092077962517113
0 0.08581713196213811 0.2763147959225072 0.04898294000636334 0.048284387305303156
0 0.07924895862509282 0.3038404023489979 0.042769302673454225 0.05122753087881247
0 0.18487969859963943 0.4882033789920329 0.04911020934118149 0.05922188730530316
0 0.132681399268003 0.47722642656389275 0.0538158906747269 0.060920779625171305
0 0.30672852128422956 0.3526713927820865 0.04429544000636332 0.048147994985435094
0 0.27030921594527524 0.39512331723440813 0.04436816534054513 0.054397994985435
1 0.150005806612048 0.3978428034443546 0.049092028007636034 0.05765938730530316
1 0.2589722739497296 0.36265179803407827 0.04278748400699968 0.05279003087881247
1 0.3287666059436844 0.4051371632360576 0.04593066534054513 0.05444345909205772
1 0.3867700099459116 0.3870487412910184 0.047474984006999676 0.05292642319868044
1 0.44956091128263864 0.36023017702611115 0.04287839067472703 0.06060253087881247
0 0.3149848219287305 0.515657126089039 0.05381589067472685 0.060920779625171305
0 0.4363967452657758 0.48478990782578124 0.05857611600890866 0.0673071719450391
0 0.4809467239417754 0.41476691284034617 0.05223520934118149 0.05931281551854841
0 0.42264442262095664 0.32430704889200807 0.04593066534054504 0.05444345909205772
0 0.33901485729631986 0.2626996106496328 0.03797271467218159 0.041716138558944314
0 0.39082280529918345 0.24010554513108434 0.04115225867281787 0.04649456677218975
0 0.42163700063654685 0.20953149505194207 0.0380090773392725 0.04484113855894432
0 0.49184095997772825 0.14969584230723276 0.036246582670272434 0.027608174452321686
0 0.47667903664068306 0.17747150132014822 0.0364102146721816 0.041670674452321685
0 0.5319750639720013 0.19070127553504307 0.03958975867281787 0.04644910266556703
1 0.5470364426320925 0.23868413446881626 0.03957157733927232 0.04488660266556703
0 0.5303660159532294 0.32898252553504304 0.04589430267345414 0.05131845909205772
0 0.588524508633047 0.23044808564331518 0.041170440006363405 0.04805706677218975
0 0.573490401973274 0.180121476709542 0.03797271467218159 0.04171613855894436
0 0.6292591439767738 0.15272625092443684 0.03306703866963616 0.022829746239076344
0 0.6537500666375013 0.19574882521847395 0.034793170671545325 0.03693771034569897
0 0.7012790473026833 0.20529966996648213 0.03470226400381797 0.02912521034569897
0 0.6833552032940927 0.2690810251393317 0.044259077339272326 0.04502299498543501
0 0.5519308385980486 0.4892380639357029 0.06175566000954511 0.07208560015828454
0 0.7496234512651394 0.48036185444793367 0.04912839067472703 0.06078438730530315
0 0.7611518446053664 0.4292623557015749 0.045985209341181485 0.05913095909205772
0 0.6869245512810479 0.3650383828194636 0.047511346674090585 0.056051423198680436
0 0.6109518499363665 0.4508144099373522 0.06166475334181776 0.06427310015828454
0 0.6432643632638668 0.492828413698276 0.055432934675363296 0.06565374373179385
0 0.7188547092616397 0.5070296545270759 0.060174978675999566 0.07047763605166182
0 0.9068905112587761 0.5226449796790429 0.055396572008272214 0.06252874373179385
0 0.8178643739258671 0.5221114337565357 0.06339088534372692 0.07838106426490725
0 0.8657757099379573 0.43168501055785524 0.04756589067472703 0.06073892319868044
1 0.8922665792886839 0.3028325848518924 0.04120680267345449 0.05118206677218975
1 0.9378699806254109 0.2765141257598346 0.038027258672817865 0.04640363855894432
0 0.7579926713080921 0.16381921212806563 0.03633748933799978 0.035420674452321686
0 0.7454466706317744 0.23525394292773574 0.039607940006363404 0.04801160266556703
0 0.7943477946371832 0.19400080562243263 0.03958975867281787 0.04644910266556703
0 0.8861534866327287 0.22413092333169446 0.04273294000636341 0.048102530878812465
0 0.8607711312858204 0.324835616984346 0.04275112133990859 0.049665030878812376
0 0.8830017619748649 0.15940083359825113 0.03769999466899989 0.01827863855894436
0 0.9355358686346378 0.20863630397308 0.03637385200509087 0.03854567445232169
0 0.9736353052991834 0.22314743336082427 0.04115225867281787 0.04649456677218975
0 0.9828921266311379 0.23303089872108823 0.025527258672817865 0.046039925705962936
0 0.9423643872533674 0.5614430552267212 0.06022952267663584 0.07516513605166182
0 0.9661195132479584 0.6005821115740696 0.039935204010181025 0.07613660266556703
0 0.4603058652530492 0.5778124821198183 0.07274770401018138 0.07709134890464338
0 0.5558456319223672 0.5555079216158348 0.06329997867599957 0.07056856426490725
0 0.6508308679185493 0.5808596111118512 0.07280224801081765 0.08177884890464338
0 0.5842149852403224 0.6679253535900038 0.06651588534372674 0.07847199247815269
0 0.7944894139083678 0.6516541812492532 0.07596361067790855 0.08499477711788864
0 0.6086695452339591 0.714072927884041 0.07908861067790855 0.08508570533113406
0 0.037796707948775085 0.7847099691211876 0.07559341589755017 0.06495506175762475
0 0.9597689685710045 0.6765224859472491 0.03835452267663584 0.07452863855894432
0 0.9338422679026408 0.6897726437065232 0.07598179201145427 0.08655727711788863
0 0.4653826218969138 0.7455766436400163 0.07425566000954512 0.07244931301126609
0 0.3372672599061407 0.6813586824363874 0.06646134134309048 0.07378449247815269
0 0.3016473859007318 0.7222253748353978 0.0775079293443632 0.08347774122451135
0 0.46619059655477785 0.8103749295333935 0.0598840773392725 0.045477636051661816
0 0.5036815058880052 0.8100650409744492 0.0661704400063634 0.04878449247815268