0 0.4020523376286051 0.18202968735745864 0.12521816861791085 0.03822722872636941
1 0.5733990550402931 0.540395657499621 0.15289878278470398 0.23056926483072288
0 0.9123898739293503 0.2821821399384236 0.12587267447164335 0.1507272287263694
1 0.7000807714700222 0.25060592877325166 0.1164158612399266 0.13661018657189175
1 0.8238637051150478 0.19051279040596186 0.10034543364502539 0.059956782981095545
1 0.6849011990649236 0.1741343323640478 0.11577044574527377 0.025672686571891746
1 0.4891796329063408 0.24558312724900003 0.11638859016268785 0.13192268657189174
1 0.5520341569104459 0.1842820128858153 0.12056703005422928 0.04444995764913058
1 0.08327506655136625 0.18857162060970065 0.10184430113146817 0.04902837334017516
1 0.23431837432213382 0.5454932654198981 0.19047150565734078 0.2432874334486339
1 0.06472505445111784 0.4089932049186561 0.12945010890223568 0.20076359016268785
0 0.6977445491865606 0.6521684287732517 0.1511635659621911 0.20087267447164336
0 0.7787592416121847 0.42357982046019116 0.13867265632127063 0.2023624515990063
0 0.38418306069763375 0.2993171813073344 0.14024424668035032 0.203934041958086
0 0.615023994539051 0.368284308163551 0.1527260659621911 0.2008817648307229
0 0.08433077903267758 0.690125030250621 0.16866155806535515 0.2775624394987579