0 0.48804325063654685 0.21331110876959328 0.11226473734881744 0.11599892126547413
1 0.33700472525464004 0.5736873214309253 0.1383010733609078 0.20549779788867967
0 0.8530869953055469 0.18975523742468886 0.08539315467854465 0.08897277110331832
0 0.04908129531350091 0.35848860998411397 0.09816259062700182 0.13614778003177203
1 0.2258694199554566 0.3241157897743 0.10452496268299924 0.12211255357072241
1 0.010700595321455092 0.22167044845787248 0.021401190642910184 0.09415910308425506
1 0.11900234929981972 0.24474766396187347 0.08879087468172657 0.11246481818121908
1 0.2411500693030014 0.21918282792374696 0.10267156134627209 0.09708528003177212
1 0.4119160079567292 0.3114952386392096 0.10447041868236298 0.1174250535707225
1 0.3567296159691378 0.2210708360414218 0.10601473734881743 0.1158898271096728
1 0.9224364319700922 0.20416656494139876 0.09049882535009032 0.12499209172016937
1 0.7677125693030014 0.20999164529748243 0.09040791868236298 0.11717959172016937
1 0.6354876785885036 0.5645718254914103 0.17125902402927143 0.21857054220663663
1 0.7877234352721392 0.4369399289827024 0.12392949069063519 0.17868983603812652
1 0.9337444599379573 0.44063985309084563 0.12245789735836254 0.18647506249917606
0 0.22960930124127693 0.6739794220795483 0.13642949069063529 0.1789080243497292
0 0.156900149268003 0.4784135519491647 0.1255101720241807 0.18027960957707698
0 0.5027949992839114 0.35521223661061463 0.1270908533577261 0.18186938311602718
0 0.30126831460854814 0.4227793863657334 0.1379919906906352 0.17893529788867965
0 0.789501921904868 0.6868581083658514 0.1997840133672712 0.25343646590774294