1 0.5436116088543745 0.5700808545910488 0.19382796086541704 0.27405676002545326
0 0.9133669432948957 0.2541440352085057 0.1463697729857639 0.1813420013526355
1 0.6764488247537845 0.23190759790741336 0.14437086189159737 0.16257382001909004
1 0.8139319473789582 0.16391957188895967 0.1169342332825 0.057595418682362884
1 0.43567835438906233 0.24095752327341186 0.14426175911805572 0.15788632001909003
1 0.5043932932186457 0.17455072593095772 0.1400080573706944 0.04224313868554459
1 0.15638371257784672 0.5964557346435465 0.23637913677722247 0.2901726560311804
1 0.021108667743680413 0.4504903486632729 0.04221733548736083 0.23339430267345412
0 0.6892669881290618 0.6878848779042317 0.18834037385944455 0.239627216024817
0 0.7727204934473955 0.4244849018937321 0.17427787385944454 0.23946358402290802
0 0.3185259155594789 0.3079279419557747 0.17743924145062523 0.24106244668999893
0 0.5833865429343053 0.3712342745862764 0.18990287385944454 0.23964539735836254
0 0.04719610282199627 0.7321488813255913 0.09439220564399255 0.24651246801399934