0 0.826061488228877 0.23506222112412106 0.03985343262955965 0.04553975897699045
0 0.5583927471573309 0.2538087177062755 0.055751168019063255 0.06125566256778665
0 0.3776512617678275 0.2392336541799714 0.03651024431795715 0.03302157825883114
0 0.4403421765404799 0.24980753981678666 0.03977161201270896 0.04085225897699045
0 0.21805411931630952 0.2721966659856322 0.06400004464226869 0.0863011143631847
0 0.18342970332584113 0.3028699490649236 0.06567163879807003 0.09256020472226431
0 0.12136962864850505 0.5970108345053472 0.14513304220663673 0.16957722267624523
0 0.31775765908731424 0.5232046540817755 0.10242734496658024 0.13964428298109546
0 0.40234907304918777 0.4008251391528567 0.09258869480442442 0.11302724082661779
0 0.5447041684228051 0.3648371212970717 0.08156937418757337 0.10827610831306052
0 0.577631491068251 0.46074906411547933 0.09741256249917604 0.12086701190385671
0 0.6741871168806775 0.35236387149346343 0.09253414772652384 0.10990224082661779
0 0.855209245939515 0.29349234466068796 0.06079322402541756 0.08159543364502549
0 0.901061488228877 0.23462588388829944 0.057122753246410696 0.05032725292686626
1 0.7792916282447632 0.2861207270760494 0.052707988635914305 0.06592498184962743