0 0.7600243909581943 0.2539890340856666 0.03949891109416655 0.01943183847375849
0 0.486568707162604 0.2499974147693571 0.058758057370694415 0.04163412094116259
0 0.3027028534391317 0.22490413717321694 0.03768183795590278 0.0084670649348082
0 0.36809146409645815 0.23620587580913127 0.04433188145888893 0.025763659090609535
0 0.1373317733670137 0.24468302881395615 0.06711607123840287 0.0652079886359143
0 0.09946809745520811 0.25965346387914795 0.06936955547083341 0.09492276217486459
0 0.04378179511850675 0.5555466164769357 0.0875635902370135 0.17671823295387146
0 0.21514307636930513 0.49457966314779933 0.10647081838861121 0.14555005357072232
0 0.3132195132990275 0.3774933490237701 0.09804006933854179 0.1188511858759708
0 0.4615485637358677 0.35116444845457717 0.08539459897381967 0.11238299756436802
0 0.48736422169590243 0.4508741221556833 0.10290940729444457 0.12674550649282174
0 0.5944883503049997 0.3480139492653561 0.09636846656500016 0.1141364123370204
0 0.7854776794271873 0.30210893424782237 0.0644274823325695 0.08390344155801355
0 0.8364596043890622 0.2607941874942333 0.05835801386770854 0.024446620941162588
1 0.7092061201566316 0.28827253083925575 0.05308993882958326 0.06652502678536117