0 0.47128265195328645 0.22959276193509393 0.05863085391920819 0.028797709341181487
0 0.5933167763264658 0.22270586791854924 0.04250574874635884 0.01142839600572696
0 0.8285495826738142 0.24417923655318705 0.06873327962517095 0.05390679734245411
0 0.8647454954476534 0.2617207252148691 0.07129598997087001 0.08829997867599956
0 0.9160362446562307 0.5657082438733695 0.13647837226160817 0.18121473201781732
0 0.7229742179340534 0.49063716056655 0.10896112602253219 0.1480931493475449
0 0.6352960246771133 0.36357576857895857 0.09876777210332363 0.11985906134627218
0 0.48558318118274624 0.328611517266094 0.08764841567683312 0.113481792011454
0 0.44910246041220603 0.42822116593732107 0.10368259263643723 0.12772610534690845
0 0.34998666198241635 0.3184745432845477 0.09863137978345575 0.11517156134627218
0 0.1588364762473236 0.2582199379774101 0.06500052586424747 0.08666475334181775
0 0.11075432891289064 0.21973014998409165 0.05969324874635875 0.011628390674726851
1 0.23877402883374838 0.24869893996659248 0.05512542069139794 0.06936816534054505