0 0.8667199469977085 0.2734882227490973 0.03811824905006951 0.027653638558944316
0 0.6143943807932988 0.26692701952953424 0.054216027735416714 0.04842077962517113
0 0.4475153521079516 0.24177259217421873 0.034775043502986235 0.01818771034569906
0 0.5071267414506252 0.25365647822588067 0.03982621941479181 0.033949102665567034
0 0.29562619699770853 0.25687109177850737 0.06093880642076392 0.06891513605166191
0 0.2609245418874655 0.275379399379497 0.06293771751493064 0.08771060015828454
0 0.1922343189572921 0.5442908722616083 0.13808449430041678 0.16328491316955046
0 0.37760746808361156 0.49191133300301876 0.09680487765916679 0.13397784639736088
0 0.46334298670097257 0.3851050550272002 0.08844686379145834 0.11031302586424747
0 0.5963548552420835 0.36399223614343945 0.0789627610179167 0.10535274122451135
0 0.6234459917349657 0.4545634118494023 0.09327983415618064 0.11669941818411544
0 0.7181025686729516 0.36206968646000853 0.08833776101791671 0.10562552586424748
0 0.8904854085287155 0.32180370229512617 0.059594511967847194 0.07824467194503919
0 0.93477961597566 0.2793721613871839 0.053852351823611144 0.03279577962517113
1 0.8206814015948612 0.3080617995504169 0.04985583605604162 0.062346887305303154