0 0.18046875 0.2593499062512358 0.0515625 0.057150026785361165
0 0.5328125 0.2563247232179341 0.0734375 0.08253185633066602
0 0.765625 0.2225734659143334 0.05 0.04462275324641087
0 0.68515625 0.24116555317027594 0.053125 0.05561480032431154
0 0.9640625 0.24879722646764021 0.0578125 0.11663412094116259
0 0.87265625 0.5839864784962352 0.1328125 0.1866932508107789
0 0.75 0.4330024513038368 0.1203125 0.15210006249917624
0 0.5609375 0.400365049516828 0.1078125 0.14406937418757337
0 0.5265625 0.5275275673737354 0.1265625 0.16314665665497757
0 0.3921875 0.39706059172346464 0.1203125 0.14741256249917623
0 0.14921875 0.3380203770302425 0.0796875 0.10920345048646736
0 0.08359375 0.2688533656661568 0.075 0.0669341298696164
1 0.246875 0.3199095308458463 0.06875 0.08557503571381489