0 0.19941797849293982 0.39020632260149046 0.038345479707460585 0.04865566861791084
0 0.02562462987126396 0.36622898799794745 0.05124925974252792 0.07062157220870695
0 0.07248333157719493 0.36750968686647933 0.05435230925276531 0.07062157220870695
0 0.15242993019722317 0.3522023285534188 0.06542617694751698 0.07849770472226432
0 0.2681776611224997 0.3444983919815271 0.05292617694751698 0.07842498184962743
0 0.3260583449698755 0.34025579869558126 0.06079322402541774 0.08159543364502549
0 0.47123052313520847 0.3026961904807166 0.0797886858759707 0.0957670179539809
0 0.5941458717552368 0.28713884729296657 0.08946369480442443 0.11300906010845857
0 0.6365906960255356 0.40641102205919755 0.055887535713814884 0.06906816256778665
0 0.7551634180223585 0.41587640476914656 0.0652079886359143 0.06599770472226432
0 0.9114561026805132 0.27826225439980423 0.09565914772652384 0.10992042154477702