0 0.796553854895215 0.3384110418921413 0.04408634328594587 0.0583215773392725
0 0.9775947766363837 0.3003645072008697 0.027035198672140125 0.0815590826702726
0 0.9416618218159236 0.301563927872415 0.06298178903121965 0.08353975334181776
0 0.8478481893023663 0.2917173078851416 0.07866133118569749 0.09309656667727229
0 0.7165890989432866 0.29168203990295904 0.06458974082661798 0.0913704346753633
0 0.6509640989432866 0.29244565591186766 0.07242951190385653 0.09614884134309047
0 0.4835993369412341 0.2639223086012302 0.0943863251355733 0.11046588001272664
0 0.3445641080184729 0.2702279472867749 0.10684087334017515 0.10279883068109026
0 0.30073736084714325 0.39183986529282 0.06609769867214013 0.08201361600890866
0 0.16411860479701906 0.4106182319780465 0.0770170179539809 0.07901588534372675
0 0.021222056788808896 0.290397733330682 0.03955337939029936 0.08482953333863605