0 0.5313410978059541 0.3693901780712695 0.060684129869616396 0.07569089067472685
1 0.7097388331954575 0.3870878500954501 0.034975017856907445 0.03477498933799979
1 0.9562280495102374 0.41260766012885775 0.0112920560063543 0.02043976933481808
1 0.4387269038123085 0.38862088872531547 0.012827282467404189 0.018895450668363532
0 0.3965394038123085 0.3881299927195885 0.058903441558013546 0.0631727093411815
0 0.8703178230491876 0.4131701867838583 0.07016822402541792 0.08204997867599957
0 0.474868955354436 0.4007578093968608 0.011210235389503432 0.015752269334818082
1 0.976045671669216 0.42924117679817575 0.03195911201270896 0.04098862667090888
0 0.6509229407439394 0.4184282094207232 0.019322744317956976 0.03303067600254543
1 0.33217294074393944 0.4147192173774525 0.04503185633066602 0.0739465773392725
0 0.7238264269442217 0.5676838694302683 0.06356366801906325 0.06166475334181776
0 0.13935637499835235 0.24219768535168096 0.12303985389503395 0.15764996268299925