0 0.22802396428842994 0.29128353590354183 0.06296360831306051 0.08114220364722229
1 0.41863532874981046 0.29806413202756976 0.037718168617910844 0.03837282218833336
1 0.6834472624930319 0.30969718873267416 0.012627265027114731 0.022165940729444424
1 0.12864158782499685 0.3170991938635765 0.014171584308955421 0.019077308320624996
0 0.08409215710683761 0.31918771751493064 0.06132838544042356 0.06860583605604172
0 0.5912052203385543 0.3169265008530213 0.07395565046753809 0.09077177678548623
1 0.7974915817748727 0.3154770228888548 0.00945681323171641 0.014280705547083272
1 0.8599824914157932 0.3184942265360771 0.023619307181592573 0.03179551386770836
0 0.8209154462362532 0.3183662867565632 0.009429542154477843 0.009593205547083272
0 0.1684262504909793 0.3281828174386807 0.01259999394987581 0.017478440729444423
1 0.7060080637226959 0.3266307688047923 0.034629530054229286 0.044550087005972294
0 0.3574751149523599 0.33492704597152806 0.01895907825883123 0.036373911094166725
1 0.020184714092038227 0.3536159624809375 0.040369428184076454 0.08223192496187508
0 0.4417405097625574 0.4900340796908685 0.06756929508134384 0.06718880642076393