0 0.3956200117678276 0.23685182594686607 0.05276253571381497 0.06934998400699968
1 0.5583518368489054 0.24824221725813983 0.031795470779006865 0.031613626670908876
1 0.7813626428552599 0.2659638772279139 0.01126478246740419 0.01887726933481808
1 0.3115722942352316 0.2565836179583201 0.011210235389503432 0.015752269334818082
0 0.27248252069628126 0.2554756512969562 0.05254434740221221 0.05684998400699968
0 0.7032785531636854 0.26921669390518616 0.06378185633066594 0.07416475334181775
1 0.879977420858437 0.274974703214551 0.008003414772652206 0.011028406667727175
1 0.9315944679363376 0.27749971920755123 0.02077615016215546 0.026798857336090796
0 0.8987819679363376 0.2778815272120056 0.007948867694751982 0.007903406667727176
0 0.34379445900788397 0.2671484006206385 0.011182961850553053 0.014189769334818081
1 0.8003717414752881 0.2805894512253686 0.028779564934808023 0.03782726400381797
0 0.5049637840889618 0.2785569732654577 0.017705697240056394 0.02988749466899989
1 0.21357117085843705 0.28272904197168314 0.040235262174864596 0.06764203333863614
0 0.5713854452081663 0.4129677885900945 0.05723184740221221 0.05690452800763594
0 0.054617136362438076 0.1744000159930003 0.07746252678536121 0.05245338534372683