1 0.2986044160566338 0.4120600746773361 0.09213405068427197 0.13126936525911964
1 0.662456736035953 0.2533343165629566 0.07129429201145392 0.08560230925276535
0 0.7685282067552232 0.6390615365311845 0.21668061203054415 0.22873647483619663
0 0.660250440722452 0.3994962504103324 0.1162260786919079 0.1879284683433749
0 0.95 0.38828125 0.096875 0.1515625
0 0.916390258036271 0.2512461164835263 0.0840306493475449 0.10613299756436803
0 0.7828430560550429 0.3918865276027307 0.10783177601845377 0.13779210064862307
0 0.5532464627227702 0.4037082378284307 0.16186584269572607 0.21684440097293473
0 0.4243953040658607 0.4778469415613089 0.12850790268936266 0.16939665665497755
0 0.275885626074133 0.5413890645310664 0.14605902936027154 0.20094666558343127
0 0.10881685208463247 0.6216647199682279 0.20341809070654363 0.2972410129856435