0 0.33139468141503914 0.39453125 0.03505683847375849 0.0390625
0 0.4828889975676633 0.3984375 0.027298885551659248 0.0421875
0 0.017384548702753765 0.46640625 0.03476909740550753 0.0828125
0 0.08176682833078405 0.41796875 0.03198638555165918 0.0421875
0 0.258888435879266 0.3859375 0.036755706168510205 0.046875
0 0.341118508931749 0.4640625 0.07973413879807012 0.0921875
0 0.04656748823217247 0.53125 0.09313497646434495 0.096875
0 0.18135772524652896 0.44140625 0.12583757142762994 0.1375
0 0.7210202431034365 0.40703125 0.04785684740221221 0.05625
0 0.7748349898570256 0.45703125 0.0797886858759707 0.0953125
0 0.6506980604738766 0.45234375 0.08124209172016954 0.0890625
0 0.4252031826328551 0.4359375 0.08970915665497756 0.1265625
0 0.5114798275200052 0.55078125 0.12926258035608368 0.1546875
0 0.9346542747600616 0.52109375 0.11458424593951477 0.2984375