0 0.26105239461332064 0.3991512405006946 0.03482953333863605 0.0398625870059723
0 0.4233614906110935 0.4193397199834726 0.027071577339272325 0.04436824905006951
0 0.00599863830761482 0.40254377175149303 0.01199727661522964 0.04723867591180557
0 0.18543477661522964 0.38332491232843763 0.038063621339908774 0.04931032218833335
0 0.2672109406031393 0.4743148946610072 0.08081474267981754 0.09872974715020835
0 0.09731661127468452 0.43441332722232645 0.1297795013526355 0.14516964247680572
0 0.6753961579408209 0.45177558595913253 0.04912839067472703 0.06050239532659738
0 0.7286206079328668 0.5116240178548617 0.08241360534690845 0.10189111474138901
0 0.5967802619350939 0.49214470640010466 0.08234088001272681 0.095641114741389
0 0.35809047927277554 0.4545492149494795 0.09058973201781742 0.1333229526972918
0 0.44331835992204904 0.5846926162600005 0.13312267735518085 0.16399237765916688
0 0.916755859922049 0.5957119963877091 0.15367262937617987 0.3191162887533334