1 0.6970822070656947 0.3901389939076248 0.09687761284152785 0.1360114123370204
1 0.29124782152274326 0.26669617085843705 0.07529224715020835 0.08096935633066593
0 0.2360778507767714 0.681189318991998 0.22569490349472243 0.2350955689919978
0 0.31583286027607677 0.4170643636342666 0.11860844889756965 0.1973034683433749
0 0.03358405793937537 0.43634660308425505 0.05043902393569457 0.15394320616851012
0 0.03717857057281274 0.28881308400953165 0.06351959897381954 0.11200116801906326
0 0.18634538202756978 0.42339440990138844 0.11108558320625014 0.14250687418757338
0 0.4281328385245837 0.41043430843869116 0.16766419794763898 0.22471144805083548
0 0.5748454907850351 0.47312699756107274 0.13216180262104177 0.17567393019392785
0 0.740798452316042 0.5236606059203336 0.1501130220358334 0.20878643912238176
0 0.909375 0.59375 0.178125 0.315625