0 0.7405524565722519 0.34536102323364093 0.03187729139585791 0.03630112667090888
0 0.5979382625786064 0.3673371152530492 0.02724433847375849 0.03937158267027261
0 0.9763944991859258 0.3371468918682788 0.03195911201270896 0.04098862667090888
0 0.8074399476437982 0.3273917258911868 0.03670115909060954 0.044168170671545236
0 0.7385729452081662 0.4110223859007318 0.07652731818121908 0.08837270401018138
0 0.98828125 0.43984375 0.0203125 0.0921875
0 0.8863149699649326 0.3694514092139146 0.12106825081077872 0.13419428134945371
0 0.3759093039744642 0.4058654552832751 0.04626707386326192 0.05521475867281787
0 0.3330866042987758 0.4594995326225475 0.07817163879807013 0.09307838534372674
0 0.44916557183137173 0.43939502327341184 0.07806254464226861 0.08682838534372675
0 0.657063846588138 0.39712406524509497 0.08644778896022594 0.11973179201145401
0 0.5887832252399383 0.5143484752546399 0.12446598620028233 0.14985564401654478
0 0.04910884496328497 0.6198670573281365 0.0734489569792891 0.1805056600095451
0 0.13529971509366864 0.5438489026495917 0.22220583116686257 0.2900272053628168