0 0.028689644024630544 0.3660886501621558 0.039480656517662416 0.07255683847375849
0 0.14207997833358596 0.38681598173605547 0.07229315651766241 0.07312958279171564
0 0.236538505460949 0.375966030842551 0.06443520472226431 0.06518071509696392
0 0.3303248668972675 0.3838524431795714 0.059747704722264317 0.06509889448011288
0 0.42163112294739175 0.36826044520816625 0.05504202400410509 0.06189207386326192
0 0.5545118006404888 0.3822974460189452 0.06288179508134384 0.06671594155801355
0 0.6677203277678518 0.3717747775928449 0.05664088544042354 0.06816934740221221
0 0.7293299934588966 0.3541020823813833 0.051944295081343836 0.06652502678536117
0 0.775719180128984 0.40568790178041825 0.06137383723582168 0.07606366801906325
0 0.874179406026683 0.4113123847342897 0.06449883723582168 0.07611821509696401
0 0.97421875 0.4140625 0.0484375 0.084375