0 0.7999156131258683 0.3412491861075405 0.0736570119678472 0.07739884134309047
0 0.040560756552604535 0.4339482860041362 0.05617857123840283 0.06469884667409058
0 0.06138044319798641 0.35530566534054514 0.04978310087368061 0.05837612133990877
0 0.242413544071667 0.4152090186982713 0.052871733282499986 0.05684998400699968
0 0.07833286027607674 0.4125187286759996 0.06740701196784729 0.07732611600890867
0 0.30333286027607675 0.4151368407065436 0.06766158510611113 0.08826361600890867
0 0.16317867933027805 0.33305904268777176 0.15708906743868067 0.1720942706874536
0 0.5304369548814932 0.2397026780712695 0.13296058320625015 0.14213405068427196
0 0.8069118019554518 0.40693782077494955 0.08027068787965277 0.09309656667727229
0 0.9304759353142018 0.3802582367918125 0.1388118461240282 0.19218859468490823
0 0.98359375 0.46953125 0.0296875 0.1015625
0 0.9953125 0.35703125 0.00625 0.1109375