0 0.7512235399876044 0.3427346647523962 0.0736570119678472 0.07865384890464337
0 0.01966768151447957 0.4760313025864248 0.01867857123840283 0.06456260517284954
0 0.025661801955451723 0.39813362311953815 0.034230836056041714 0.06189224623907634
0 0.20009941071291704 0.4461488889546558 0.052871733282500076 0.05775031551854859
0 0.04099716764677121 0.4532303000791423 0.0627922471502084 0.08146060015828453
0 0.26094599173496563 0.44401573911294034 0.06766158510611123 0.08940949247815269
0 0.11634070013184059 0.369543273356965 0.15708906743868067 0.17476798244902278
0 0.4758585576550349 0.25196594609342704 0.13317878875333342 0.15377352084968257
0 0.7613810964083684 0.4101722173388209 0.08027068787965294 0.09446070533113407
0 0.884727024220035 0.37628661381532413 0.13881184612402783 0.19453491316955054
0 0.9625 0.46171875 0.071875 0.1046875
0 0.9703125 0.3484375 0.05625 0.1125