0 0.775 0.3961633252255562 0.06875 0.07503767401194442
0 0.0234375 0.5067955138677084 0.0421875 0.06348192496187507
0 0.0375 0.42743532218833336 0.046875 0.057341027735416716
0 0.21875 0.483216462765278 0.05 0.055851262917777686
0 0.0546875 0.4840853656913195 0.0625 0.07645470364722229
0 0.2796875 0.4815097988213196 0.0625 0.08739220364722229
0 0.1390625 0.4032367156150696 0.146875 0.16904355357097228
0 0.5046875 0.29455923195131983 0.1234375 0.149748039703264
0 0.7828125 0.461970163181459 0.075 0.0908081443766667
0 0.90625 0.432030702884723 0.128125 0.18891964247680554
0 0.9734375 0.5203132593054869 0.05 0.09960126291777786
0 0.98515625 0.4057422662393411 0.0265625 0.1068682490500695