0 0.2577863855894435 0.3764362767345796 0.06927884890464338 0.07226588544042353
0 0.9519515742275301 0.4484320558068502 0.061102636051661816 0.0597204336450254
0 0.9233431894295094 0.37796501970249674 0.046903743731793665 0.05495112041330889
0 0.7664316113745486 0.4348548482559155 0.04998327962517113 0.05340680113146821
0 0.9131474870013694 0.43024059200939957 0.06298338479802083 0.0706670240041051
0 0.7118123075344827 0.4368804356881289 0.0633016335443795 0.08160452400410509
0 0.8306555842566599 0.3602411885167993 0.14526233887551357 0.16019313231716553
0 0.4923539507122806 0.27703676131468147 0.12440426959604131 0.14132495764913058
0 0.2580197178010394 0.4381459363755 0.07593802586424747 0.08636474687674198
0 0.14405650620169913 0.4140493853422277 0.1316544799417403 0.17573631908544893
0 0.0691450859060126 0.4971931625677867 0.09799488229073819 0.09274201190385653
0 0.04900241897553832 0.39553066861791086 0.0779097028238516 0.10043633723582168