1 0.7853857060391346 0.30193165624464513 0.09151588534372675 0.07814436525911975
1 0.98203125 0.33203125 0.0328125 0.1109375
1 0.6528935687459964 0.5956526083559656 0.17231244668999893 0.1748478157455871
1 0.6931089413987698 0.49403160713814953 0.15012836401972648 0.14790348620028232
1 0.5878209100493159 0.37346791679795194 0.10474313868554468 0.14086255357072242
1 0.5146828547103617 0.3307934472367612 0.10463405068427178 0.13148755357072242
1 0.21923399470877078 0.31391999837514695 0.11726132001909004 0.1426432418823252
1 0.06628171737745252 0.3260909415580136 0.11555336935072646 0.1301159683433748
1 0.13965613005249758 0.3890779111192044 0.1206044960216354 0.16144778896022577
1 0.13576915607095127 0.5249199537328783 0.13915450135263546 0.14458757142762996
1 0.31672825473422417 0.5030836842511176 0.14734880935708983 0.17753643912238176
0 0.9390625 0.5984375 0.11875 0.209375
0 0.44642484540099686 0.506128637983996 0.15536130402608972 0.19486030681713337