1 0.2798158067888089 0.28900691608382806 0.09742951190385671 0.09587610226293633
1 0.04328795432948087 0.3231966054843901 0.08352154800821018 0.12235678903121974
1 0.4215685321955286 0.6163183289462022 0.1823135720123153 0.1838669816532356
1 0.3795168667008758 0.5056217234618121 0.15869426483072288 0.15248062626704134
1 0.49050838797450635 0.37997176278761946 0.11022949375348397 0.14751132513557322
1 0.5715084030998169 0.33653031411547935 0.1086124515990063 0.1381272347764936
1 0.8870879513044188 0.32688156158139653 0.12273858411256384 0.1491465480082102
1 0.95234375 0.41328125 0.0921875 0.1734375
1 0.94921875 0.5609375 0.0984375 0.15625
1 0.7827873124461495 0.5282764108192708 0.1526442527304745 0.1868192648307229
0 0.09183558040013054 0.6104238947120016 0.17158515027114646 0.21974084913967823
0 0.6429253817279903 0.5259649979568966 0.1621101563212708 0.20249880698520073