1 0.7415720713717254 0.2871076946651194 0.0851931600095451 0.07080337939029935
1 0.9551442227084526 0.31334852867948715 0.08866360534690827 0.10050906010845857
1 0.6212981234086329 0.5582645562978297 0.1596669960216353 0.16029312626704134
1 0.6576890620623608 0.46317022491574045 0.13902723201781733 0.13204995159900648
1 0.561903300047725 0.3548077581914235 0.0968033693507266 0.1286795119038567
1 0.4934709260423162 0.3145685775714601 0.09671246268299924 0.12086701190385671
1 0.22303115670749812 0.3020584454506863 0.1077408693507265 0.12874314441741408
1 0.08022603870940712 0.31528917759490127 0.10913973734881748 0.11468973477649361
1 0.14963965738381585 0.37272040339440443 0.1110658640197264 0.1459488251355733
1 0.14640666406745145 0.4976931323171655 0.12808973201781737 0.1319863190854491
1 0.3125492847310425 0.4760050055591448 0.13468517735518085 0.16171018052176755
0 0.91328125 0.55859375 0.1703125 0.1921875
0 0.43208053473104246 0.47670041802873564 0.14422380935708984 0.17582722267624523