1 0.28542091217500315 0.3206632177992711 0.07706246974937905 0.08771951196784729
1 0.09499135489521496 0.3498201216752431 0.08023292154477706 0.09560474715020835
1 0.028303824644593918 0.4341938152544792 0.05224427693097132 0.11838763050895836
1 0.4009969569617596 0.5834743019554518 0.1430238130353249 0.14705945079743082
1 0.36612198721238054 0.49673671494947946 0.12569995764913058 0.12322190729444457
1 0.45069645423128507 0.39871874866881984 0.08818177693097126 0.11922408510611122
1 0.5129964663315334 0.36579845231604213 0.0850113251355733 0.11133884992375007
1 0.7582544241770558 0.3621331641313895 0.09754768657189175 0.11787979065319458
1 0.8872288518701529 0.37685224040378545 0.09748405405833438 0.10694229065319458
1 0.8242475837197801 0.4269418529609729 0.09920109016268767 0.13354115824437507
1 0.8295986799325924 0.5411134557345146 0.11631586729005079 0.12144120174736131
1 0.6794805052645574 0.5173096669811811 0.12116699375348397 0.14967530452090294
0 0.1330191166026799 0.5756747600679862 0.15568743949875796 0.17547539152687505
0 0.5716634600850174 0.5140190531897227 0.12905221662612104 0.16235714247680555