1 0.6905955386298654 0.26705763056864973 0.08066929201145392 0.08483860831306042
1 0.894347247294729 0.27915258870875964 0.08239542401336308 0.09891019867214013
1 0.9675932959500477 0.36231454665247775 0.046712462682999244 0.1205761204133089
1 0.5920376705920034 0.5465183924725064 0.14860222668681722 0.14929199375348395
1 0.6212535506047301 0.45260476600907323 0.13114200668363551 0.12575449980360814
1 0.5239160212842295 0.3586462086310892 0.09204314401654479 0.12240224082661788
1 0.45553873862191113 0.32701493443059243 0.08880905601527207 0.11300906010845857
1 0.19837112862032033 0.3402290484991895 0.10139996268299925 0.12089428298109554
1 0.0629239772835932 0.36601536455957645 0.10125451201463569 0.10839428298109546
1 0.13266376527691168 0.4148250484009936 0.10316245735199914 0.13809087334017517
1 0.1367507339274579 0.5335432321442151 0.12174882535009016 0.12413745764913067
1 0.2941910639322304 0.49747340105671345 0.1252192706874536 0.15384313836728972
0 0.8728064125955033 0.519105423017715 0.1629919906906352 0.17749880698520074
0 0.40602799260027583 0.4866671903825207 0.1347397213558171 0.16639768052176757