1 0.7583692200429526 0.32957936931301424 0.1154806440165446 0.12386596834337489
1 0.98515625 0.38671875 0.0265625 0.1390625
1 0.5883049047580867 0.6835696197200513 0.21484539202736244 0.20527170129724617
1 0.6393123267424965 0.5696395332748876 0.18644767202418072 0.18134327759614025
1 0.5188532813892246 0.4206917443146619 0.13323176535645337 0.17260347727182862
1 0.4315163660486796 0.36605306290291806 0.1299794960216353 0.16161143019392785
1 0.08199762404517974 0.334176176947517 0.14576812802354439 0.17594666558343128
1 0.031526004057906426 0.42702615016215584 0.05534312269254425 0.19155230032431164
1 0.033435044080178125 0.5910886501621558 0.055124946689998934 0.17280230032431163
1 0.1893486894095874 0.5649097540571898 0.18221470536281678 0.2203239569792892
0 0.92734375 0.69921875 0.1421875 0.2390625
0 0.34409982407699646 0.5730785844132734 0.19491470003181668 0.23772964529089186