0 0.8877657391129403 0.24053606854714188 0.07084134890464355 0.07267497867599956
0 0.5504452470304991 0.3312092585932761 0.06273934389007838 0.11631589067472685
0 0.331354266230829 0.3220358952896384 0.14451819279472175 0.18911813868554458
0 0.20263823284473417 0.30321426464036483 0.20386444906292792 0.1351397106938169
0 0.40868965604341456 0.3477075099459116 0.09338159012915473 0.14947383601209036
0 0.48124060596427237 0.31638423726927567 0.10891566191590947 0.1465306493475448
0 0.9313398943649321 0.28770142254141484 0.07000627461060631 0.09765679734245411
0 0.9670046097251959 0.2779082518698696 0.0643018438900782 0.1163340720082724
0 0.8605643931112908 0.29946617321773256 0.1176996285298145 0.12632723734881743
0 0.7265698263391012 0.2603865865690954 0.11457462852981451 0.12629087468172662
0 0.7640674778301693 0.34044625656432287 0.12936455423577725 0.15145450668363553
0 0.8086993308914476 0.5313979732256868 0.1485237311953817 0.16573518268618095