0 0.81796875 0.30439906601697847 0.071875 0.07667290919430556
0 0.45625 0.35344316337527737 0.0625 0.1217672036472223
0 0.2328125 0.30708122891409706 0.14375 0.2111583183886112
0 0.109375 0.266204268617361 0.1984375 0.1639936840799307
0 0.3078125 0.3506480845374303 0.09375 0.15686955547083342
0 0.3859375 0.32773595497840247 0.1078125 0.15407186379145843
0 0.99453125 0.37997702821357554 0.0078125 0.08768183795590279
0 0.85625 0.35741431003305485 0.0703125 0.10163654160312507
0 0.92109375 0.35278005499906173 0.121875 0.12627417211208342
0 0.7796875 0.36075882200090215 0.11875 0.13245143692972228
0 0.64921875 0.2997330158644786 0.1140625 0.13546733415618065
0 0.67421875 0.3897761344055898 0.1296875 0.1592685100679862
0 0.68671875 0.5926101936761452 0.1484375 0.17376742116215294