0 0.03367452147002231 0.25489203307929137 0.0597840661585828 0.0706579336450254
0 0.37780125049097935 0.3264277072563471 0.05536018657189175 0.11594316256778665
0 0.5982001089022357 0.3128656978865732 0.13222266842151917 0.16795109016268786
0 0.7288370305452087 0.2847184928697213 0.1975022347764936 0.10895788524403187
0 0.5230682986955812 0.3350856106507516 0.08522949375348396 0.14736587939029935
0 0.44822283479993474 0.3080867734149299 0.10083631303532492 0.14433178298109556
0 0.010731925159014352 0.3039789728726369 0.017732921544777062 0.09384999394987581
0 0.060691018543156075 0.3113011143631847 0.11007495764913056 0.12094882513557322
0 0.19295407269968634 0.27222549970541243 0.10685905405833437 0.105305644417414
0 0.16126319028432484 0.34782494252382007 0.12116699375348405 0.1475749576491306
0 0.13199280504029304 0.5445363160603869 0.13841812626704142 0.1586124515990063