0 0.7781533128389331 0.29151219281673674 0.06288179508134384 0.0670797036472223
0 0.47239873740877225 0.36954039494534763 0.05686814441741408 0.10755923328249999
0 0.27231692417705566 0.3508228432742363 0.1291976623713948 0.18735714247680563
0 0.15343511397040127 0.32540265634451404 0.18680108411256371 0.1527652433504863
0 0.3435743006404889 0.38060256867295167 0.0836124515990063 0.1394274823325695
0 0.40825896935659556 0.3547680737069448 0.09764768052176756 0.1350672906531946
0 0.9627737525340827 0.33799106857604244 0.05201701795398108 0.07932513050895836
0 0.8198050025340828 0.33466343398302156 0.06144656010845857 0.0889183360560418
0 0.8752055748409855 0.3242357334699313 0.10844882513557294 0.11188436379145843
0 0.7534578398681002 0.3432740613578479 0.10691359621281223 0.11653549620027785
0 0.6321504664297293 0.3037368230413547 0.10380677693097126 0.11958776101791671
0 0.6677475988450907 0.3803363438429172 0.116434041958086 0.1417537017473613
0 0.7054799238824682 0.5554097322356604 0.13368517447164335 0.15309124525034737