0 0.775966030842551 0.22988436261466885 0.061455697240056575 0.030042024004105095
0 0.452551850241586 0.27786436212368953 0.051881874187573375 0.10810339149054773
0 0.24639730762791218 0.2845330395221991 0.12233074188232518 0.11632495764913049
0 0.12562115746575642 0.2586704971713296 0.18543866801906325 0.062010162371394895
0 0.31838140178371355 0.2903648830045366 0.07882620373287823 0.1301329275949012
0 0.3884620767026357 0.2766745668459539 0.0940148271096728 0.10522383118569749
0 0.9664916193163094 0.2678423839864953 0.05136367694751698 0.07841589149054773
0 0.8163143413131323 0.2585588084581386 0.06092959172016954 0.08940793364502549
0 0.8756757045436572 0.2574321248131131 0.10783186525912 0.09124314441741399
0 0.7477279825468343 0.26833378425764176 0.10497960064862308 0.10684996369925477
0 0.6246899030015296 0.24717237744539178 0.10100912094116268 0.058394282981095544
0 0.6537149297868907 0.29857125098195864 0.11331029788867966 0.13658291549465282
0 0.6850172970746053 0.4804388745185255 0.13068871266133203 0.14762040944452864