0 0.21432200406048504 0.295883022636865 0.05887616801906326 0.061610209341181485
0 0.51820493466145 0.3384314125955033 0.05021028003177221 0.10212612133990877
0 0.7102793863657334 0.2979229492361863 0.12021486282348767 0.17480110001590835
0 0.8217759939142153 0.2646008245544597 0.17726370373287814 0.13172380935708983
0 0.6432322082004005 0.33541440591186766 0.07726370373287814 0.13056020401018137
0 0.5787293774372796 0.31663768125400366 0.09127165665497756 0.12759883601209038
0 0.03823106250247147 0.3604193319939548 0.04971935633066597 0.07400112133990877
0 0.1791560714309252 0.34159551197486476 0.05769549756436802 0.08346702800763595
0 0.12455039204777622 0.3375443586489554 0.10177278003177208 0.10272610534690844
0 0.24315038758354937 0.34475632729950156 0.09872960064862309 0.10737724267981755
0 0.35650950406048504 0.2942285212842295 0.09565914772652384 0.11046588001272664
0 0.3309679874213936 0.3702915819541839 0.10851370373287814 0.13092383068109026
0 0.31235653490633136 0.5415671452896383 0.12432961850553062 0.14204314401654478