0 0.49922948269413514 0.21680133590601258 0.07885225334181775 0.06477320533113406
1 0.6989391286998622 0.26478550950040447 0.09031701201463563 0.11040395407749282
0 0.8730397000318166 0.2596985073888334 0.07916133601209055 0.09133570533113407
1 0.9403106580601335 0.4701790178136747 0.08432155068427179 0.13209709765100222
0 0.96875 0.46875 0.059375 0.209375
0 0.8533004593809522 0.3754909919494272 0.11268290802036277 0.15322795157021032
0 0.7286095420512249 0.39841636341961273 0.13940904002227156 0.16806334138279588
0 0.5696794373806342 0.36489550659741055 0.11560791335136286 0.13613137978345574
0 0.4876930933720437 0.2992501230530311 0.08096019334818116 0.11169366943775678
0 0.45991299136695296 0.26095450118713426 0.07908861067790855 0.08508570533113406
0 0.40453514803468027 0.267153025402029 0.05561474801081765 0.08127874373179385
0 0.3489209473663167 0.25303904961692386 0.0871556493475448 0.10718802586424747
0 0.16071242270049843 0.2538106247688908 0.09015338001272673 0.09634145407749281
0 0.05597946936663484 0.24685827962517118 0.07907042934436312 0.08352320533113407