0 0.5716033309893057 0.2251929810640605 0.06752384328594588 0.05820338544042354
1 0.7530533188890572 0.2606224627172961 0.07710792154477701 0.0941954275949013
0 0.9045112797596417 0.24353547754801905 0.06610678903121965 0.08319429508134393
1 0.96640625 0.43046875 0.0640625 0.1171875
0 0.8895135145361353 0.35125707395722283 0.09294199980360815 0.1302238311856975
0 0.7795163458200286 0.3779599536421098 0.11801472267624522 0.14286927693097135
0 0.6387686259724538 0.3560480713249442 0.09754768657189175 0.11618860226293633
0 0.5665754634046671 0.3009424148072818 0.06775110226293624 0.09726588544042354
0 0.5398311562230749 0.26953787870292834 0.06604315651766228 0.07225679508134401
0 0.49144365319801275 0.27784982757146015 0.04570338544042372 0.06745112041330899
0 0.44139365622307486 0.2689651860809124 0.07395565046753809 0.08948974687674198
0 0.27426978873663216 0.2789300176593933 0.07703519867214012 0.0816954275949012
0 0.18208228873663215 0.27839368647369583 0.06603406615858276 0.07069429508134402
0 0.03295444232742832 0.29315055718159233 0.05685905405833438 0.10501475292686627