1 0.19765625 0.21163175028434042 0.084375 0.05977634992375007
0 0.03359375 0.19609440321038196 0.0671875 0.032813806420763925
0 0.05 0.2824137629177778 0.1 0.14607752583555564
0 0.1671875 0.31404758225631957 0.128125 0.15766964247680573
0 0.32109375 0.29497353998760445 0.10625 0.12903549620027785
0 0.4015625 0.23747147093340315 0.0734375 0.10639677678548623
0 0.42890625 0.21467040377906285 0.0734375 0.06264677678548614
0 0.48046875 0.21743303428802124 0.05 0.06991376291777787
0 0.53515625 0.21948714997934077 0.08125 0.07376611474138901
0 0.71875 0.22688534194305615 0.084375 0.08477634992375008
0 0.81953125 0.22454355157420208 0.071875 0.07823540919430565
0 0.9734375 0.24609450930548693 0.0421875 0.11504442496187499