0 0.39794617085843703 0.28515625 0.06822389448011297 0.059375
1 0.22287403287114588 0.32578125 0.08132391233702041 0.09375
0 0.07187459455954318 0.31328125 0.06863299756436803 0.0828125
1 0.031370145694633624 0.49921875 0.04730346834337482 0.1140625
0 0.0916843084386911 0.41875 0.09760347727182857 0.13125
0 0.20144113798399585 0.440625 0.12438416558343128 0.14375
0 0.33849112459131525 0.41484375 0.10204551542127546 0.1171875
0 0.4078354139585782 0.359375 0.07044095941492098 0.096875
0 0.4322763064100963 0.32734375 0.06846935633066593 0.0734375
0 0.4816041505658976 0.33359375 0.04651253571381488 0.06875
0 0.5290831225627204 0.3234375 0.07811709172016937 0.0890625
0 0.6940223299490466 0.32890625 0.07954322402541773 0.08125
0 0.7861552828711458 0.32578125 0.06841480925276536 0.0703125
0 0.9527388108743231 0.3359375 0.0940148271096728 0.1046875