0 0.6029869979710467 0.21680376414335187 0.07894316000954511 0.07076701795398091
1 0.8066841626352742 0.23595880600324196 0.09502269334818117 0.10992042154477702
0 0.9539591519732739 0.20243829975672606 0.040171561346272 0.09553975897699045
0 0.949425098623502 0.32351386903856677 0.07674540802036275 0.15043633723582167
0 0.8489614746180931 0.36277583605747127 0.14257040268936266 0.16800563231716562
0 0.6912307906190477 0.3548264597904299 0.11878745735199914 0.13818177693097128
0 0.6027682746260473 0.3027458093228917 0.08412155601527208 0.11298178903121973
0 0.5703375826305017 0.2697424117822197 0.07912497334499946 0.08639201795398091
0 0.5185932692950472 0.28506742993259226 0.05561474801081765 0.08000566256778666
0 0.46159838196213804 0.2816106318261863 0.0902806493475449 0.10520565046753827
0 0.27764100529122915 0.3117925146343312 0.09173406134627218 0.0958397408266178
0 0.17282623595641108 0.3221209605759968 0.07908861067790855 0.0832670179539809
0 0.023281863979955467 0.3563954457452739 0.046563727959910935 0.12216589149054773