1 0.35336565855069707 0.3384696200597225 0.10662573620994653 0.1227127610179167
1 0.4735895788463836 0.2577307259673962 0.11283027210332364 0.12129573138263901
0 0.7683768931112909 0.32704964931375063 0.10180184389007856 0.11791615824437507
0 0.7547977779093115 0.39699847340194505 0.13396112602253218 0.1498935100679862
0 0.8362894703083217 0.43402765434774376 0.1691090158351173 0.1772560970739585
0 0.4415165279093115 0.38970677137024345 0.13069973370266402 0.14513327488562516
0 0.17029709428578982 0.27175097948277793 0.10313702335696498 0.11014002583555564
0 0.154229476576528 0.3635020683886112 0.10087584138279593 0.13975479065319457
0 0.27140861638911357 0.3927739539315628 0.15785326708875883 0.16606402393569458
0 0.1671339565182683 0.5386839063445141 0.22874008010002486 0.24110169794763897
0 0.6318089072970559 0.3558805512898616 0.23406407759274242 0.2630858007211808