0 0.8334490685849609 0.3897224500468822 0.11775233603812651 0.12254768657189175
0 0.1632786647693571 0.4912875544511179 0.16070349512873605 0.16654312626704132
0 0.24953021590774283 0.1954432684449602 0.036755706168510205 0.04708407825883123
1 0.47935408360249454 0.20191948566025636 0.09659435633066593 0.07399201190385671
0 0.1778597674498704 0.20758017496262263 0.07466480925276527 0.07073974687674207
0 0.7756484310047067 0.25645140779420866 0.09412392126547431 0.1114738311856975
1 0.3539234354689336 0.2674995547457054 0.08910913879807011 0.09269656010845857
0 0.6495632179363378 0.2845314768796577 0.19024671915415362 0.24795675273047452
0 0.15599049593951494 0.2975602803488169 0.08277731818121907 0.08797269867214012
0 0.44625698579324524 0.3200927687395478 0.1053068831160271 0.12559996369925477
0 0.2605104005658976 0.3321120214700223 0.11799779788867956 0.13661018657189167
0 0.752738810874323 0.33159230835994274 0.09108074188232518 0.11614315046753827