0 0.8056999136596179 0.2538713084581386 0.04825696846486096 0.05964771077238851
0 0.5685083849742706 0.2755609978587007 0.08473998233256949 0.08329428903121974
0 0.00802743949517348 0.35071307230690285 0.01605487899034696 0.06732385538619426
0 0.9402015470183678 0.2812099923977517 0.08390483415618064 0.11453519867214013
0 0.38055248366374966 0.36336150058917516 0.06090243882958335 0.06597043364502549
0 0.7125473660725692 0.3629922992847564 0.11366506933854179 0.11783291549465291
0 0.3318779411106941 0.4073887565411035 0.05345361474138901 0.08154998184962743
0 0.07282959622093714 0.4284244609687803 0.09491506933854174 0.11772383118569749
0 0.24384995782819407 0.4641432714700223 0.24193815254479195 0.25918514422102223
0 0.04280117657739566 0.49659774404807167 0.08560235315479132 0.1599295119038567
0 0.5541516781929163 0.4560888351927182 0.15389133225631965 0.16806017447164337
0 0.4279385895714235 0.24044617535540608 0.04480466014423605 0.04556703005422928
0 0.7098425530022914 0.24427411554153505 0.04327852773541672 0.047120439695149674
0 0.06729072388010392 0.29722445794371816 0.08644795269729173 0.08955337939029935