1 0.8316383918112156 0.3667169050268292 0.05763196846486096 0.06035684740221221
0 0.09101208539045162 0.28662902110331834 0.08521276101791675 0.10457049756436802
0 0.1810201427611461 0.3288086128234877 0.08822865824437506 0.0999375446422687
0 0.31061607057281276 0.29358595332584114 0.06242857123840277 0.06512616801906326
0 0.3792933353904516 0.2916609890396561 0.07700021751493065 0.08724662986961632
0 0.48659799553468785 0.3388280896882792 0.06733427678548623 0.07458298863591431
0 0.63036683254066 0.37569861850223535 0.05316267401194459 0.06965002678536117
0 0.9640625 0.3765625 0.06875 0.090625
0 0.9079645024685419 0.3578970584353958 0.07700021751493083 0.0872466298696164
0 0.7805480172861808 0.3525492650109431 0.08023432028847229 0.09198867694751697
0 0.7239538315907295 0.4038838940697806 0.10439917211208342 0.12364778003177221
0 0.676660604292153 0.3850969379012703 0.09495143692972227 0.12035913879807011
0 0.5906678996950003 0.3476730300284768 0.07089568787965277 0.09338753571381497
0 0.4225173117390975 0.3369286245913153 0.0674070119678472 0.0777079886359143
0 0.3570741496950003 0.343595635955401 0.0926979526972918 0.09064436525911965
0 0.44824662319385455 0.4693553409060952 0.10221842306201409 0.09705800649282174
0 0.5381241279435072 0.3381656164736404 0.0706774823325695 0.08401253571381498