0 0.06141240404199807 0.3083658790588374 0.0475658906747269 0.060193206168510205
0 0.30525331070972533 0.31192370698258437 0.08375792934436319 0.08269549756436803
0 0.909623184715134 0.341226234178278 0.05703179734245438 0.06816934740221221
0 0.99765625 0.36640625 0.0015625 0.0890625
0 0.5030373773869975 0.38661224107484154 0.05857611600890866 0.0666341209411625
0 0.16106805338954286 0.411335146104966 0.10915791868236288 0.11750687418757337
0 0.5543004327259518 0.42713210105895544 0.049401110677908554 0.08365797970746058
0 0.821578839393679 0.43028082589844735 0.09040791868236298 0.11717959172016937
0 0.647887348066497 0.4786343254914103 0.2326328760343621 0.2571342102256999
0 0.8903112054025877 0.49471942695410753 0.14246131468808976 0.16026711850553071
0 0.32927370806808776 0.49591687743727964 0.14723972135581712 0.16816143912238157
0 0.4508107113701347 0.2632798810907276 0.04271475867281786 0.046048885551659244
0 0.16043115937299818 0.2894465093354908 0.04271475867281786 0.046048885551659244
0 0.8223408133752255 0.29430241559002185 0.08228633601209054 0.09048072402541774