1 0.923685684715134 0.35703125 0.06482611600890849 0.065625
0 0.04672319537713435 0.32265625 0.07954314401654469 0.121875
0 0.14487943204963408 0.365625 0.09818405601527203 0.1125
0 0.29893967604231625 0.31171875 0.07114884134309048 0.071875
0 0.3808709287078163 0.303125 0.08552042401336299 0.0984375
0 0.511122050047725 0.3515625 0.07598179201145391 0.084375
0 0.683360676718634 0.3828125 0.05873974801081765 0.0796875
0 0.98359375 0.340625 0.0296875 0.1
0 0.8610129620464525 0.3421875 0.08713746801399935 0.103125
0 0.7969419187221337 0.40859375 0.11568063868554468 0.1390625
0 0.7381390833863611 0.390625 0.10472495735199913 0.1375
0 0.6361584127148159 0.3546875 0.07625451201463562 0.1078125
0 0.4338237533815887 0.35546875 0.07447383601209037 0.0890625
0 0.3558442040499522 0.36796875 0.10585110534690845 0.1
0 0.47312370540258775 0.51015625 0.11375451201463563 0.1078125
0 0.5735584153803159 0.34609375 0.07925224267981754 0.096875