1 0.928125 0.2455182678634981 0.0671875 0.0699227621748646
0 0.04765625 0.33588690706201463 0.0953125 0.1282261858759707
0 0.15703125 0.36444650933549083 0.103125 0.1189875535707225
0 0.303125 0.289240183443634 0.0734375 0.07784435633066593
0 0.384375 0.26985320941821633 0.0890625 0.10311709172016936
0 0.51953125 0.2995252982990119 0.078125 0.08886367694751698
0 0.69453125 0.30584566193657386 0.0609375 0.08387616801906325
0 0.86484375 0.24115409619098682 0.090625 0.10783186525911974
0 0.80859375 0.31635469359319907 0.1203125 0.14741256249917623
0 0.74921875 0.30489108807331194 0.109375 0.14409664772652384
0 0.6421875 0.2833218254914103 0.08125 0.11235572402541764
0 0.44375 0.3117855649381035 0.078125 0.09355117694751698
0 0.3671875 0.33734071834667007 0.109375 0.10659664772652384
0 0.49765625 0.4616258778443168 0.11875 0.11613528896022593
0 0.57890625 0.28364515381889904 0.0828125 0.10144549756436802