1 0.8213612812507984 0.2618445951326576 0.07042290919430556 0.07227497579950323
0 0.020528092705555452 0.31185510538619426 0.041056185411110904 0.1237102107723885
0 0.15035845022874977 0.2540340359079618 0.07641833605604172 0.06137383723582168
0 0.2378584502287498 0.2545430960164204 0.09211607123840286 0.0645897408266178
0 0.3787373701566317 0.27802202351312577 0.08019795269729171 0.0895170179539809
0 0.5649287900845137 0.3017645714231401 0.06137521751493065 0.0862829336450254
0 0.9698715164331595 0.2595831792452213 0.03808318787965277 0.09239657825883123
0 0.9161107367978817 0.2530195618569745 0.09244337955902786 0.07865224082661779
0 0.7541919650463887 0.26067245969223396 0.0942604526972918 0.08959883118569749
0 0.6862946438079859 0.3243486194313503 0.12376742116215293 0.1491374576491305
0 0.6241765035153817 0.30757875506816557 0.11275718597979179 0.1459488251355733
0 0.5116407891345831 0.27488845403489326 0.08386846656499998 0.11297269867214013
0 0.2957612159963192 0.284571484481906 0.08030705547083343 0.09420451795398091
0 0.21329355490215254 0.30284424063022614 0.11184799620027785 0.1068863251355733
0 0.33883580271795105 0.44812544525429454 0.12140483415618064 0.11475336729005096
0 0.4445805757037151 0.2690288185944697 0.08514002583555573 0.10048178903121974