1 0.04992623536566881 0.2815499818496274 0.06288179508134394 0.0659886143631847
0 0.951506916083828 0.28367011903856676 0.09287836729005079 0.1192863311856975
0 0.838770566747758 0.32364061318483434 0.09595791549465282 0.11149201190385671
0 0.6844285003927835 0.26336566763595215 0.06760565651766229 0.07226588544042353
0 0.601625090751863 0.2613213786047325 0.08484769867214012 0.08174087939029935
0 0.4686126028521114 0.2949236980829649 0.07391928903121965 0.08323974687674199
0 0.2919046571068376 0.3188964875069681 0.05515110831306051 0.08000566256778666
0 0.11405236787922612 0.2709851865718917 0.08496587334017516 0.10205337939029935
0 0.17771489207972296 0.3401078912941561 0.111746541958086 0.13970791549465283
0 0.2371807956705191 0.3248283249391815 0.10079086123992678 0.13651928298109556
0 0.34206828357027075 0.2910623789975159 0.074055644417414 0.10667724687674199
0 0.5467103317748727 0.3000657160369459 0.07238406010845858 0.08791815651766247
0 0.6247353378249969 0.3177077339909267 0.10369769262201593 0.09903746369925477
0 0.5036047055078312 0.4576327763417961 0.1115556444174139 0.10689541549465283
0 0.4061671450065892 0.28518508371978024 0.07555451190385672 0.09574883723582168