1 0.18989870251835753 0.3078835833068194 0.07159435633066594 0.07425566000954502
0 0.8520907853100731 0.22831787921709626 0.0779534504864671 0.08057838534372683
0 0.7645089646932222 0.23402353389564118 0.09538641233702042 0.09484088001272672
0 0.6277396217552368 0.28326155991409485 0.08442163879807012 0.09315111067790856
0 0.4450265332814783 0.3244421852721392 0.06558981818121908 0.08824543467536321
0 0.03289254626712178 0.31521591999522747 0.06578509253424356 0.11331816000954502
0 0.09405041436891057 0.2949392353198642 0.09716710064862313 0.10735906134627218
0 0.25504246144681125 0.28994155796468346 0.09883869480442442 0.11362724267981754
0 0.3257174257329963 0.35785521662159303 0.12923530681713338 0.15459768801718105
0 0.38706402881725144 0.3337086446133206 0.1182705332781829 0.15290791868236298
0 0.4963941643689106 0.2902575419319122 0.08795574188232518 0.11662497334499947
0 0.7105793952941871 0.2807354492361863 0.08294095941492116 0.09782042934436311
0 0.7939685937520595 0.291481497891505 0.11599892126547431 0.11226473734881744
0 0.6756435133959758 0.4475144165738679 0.12710006249917605 0.12176700668363552
0 0.5629913291415629 0.2785473352562308 0.08776482710967279 0.10568747334499946