0 0.96484375 0.23613676244600615 0.0484375 0.05268989532659729
0 0.72265625 0.23942998907899246 0.0828125 0.06911498233256949
0 0.12109375 0.2542127616835068 0.05625 0.06849673328249999
0 0.0203125 0.2760897213146528 0.028125 0.08346711664124999
0 0.521875 0.304259474545694 0.0578125 0.06540810087368065
0 0.86015625 0.33310464105510346 0.109375 0.119733231382639
0 0.4703125 0.34452210505465236 0.05 0.08241376291777787
0 0.20546875 0.34287391175975673 0.0890625 0.1176979526972918
0 0.375 0.3928342781166664 0.23125 0.26163240349472244
0 0.134375 0.40624738715847214 0.1421875 0.16268445079743063
0 0.69140625 0.41437609090260363 0.1484375 0.16907992116215292
0 0.8671875 0.22200348689479094 0.0421875 0.02910692496187508
0 0.2109375 0.22712162519062482 0.08125 0.05657861474138892